4.202144934801665954e-01 5.797855065198334046e-01
5.074154162981712179e-01 4.925845837018287821e-01
5.061729319993532039e-01 4.938270680006467961e-01
4.825782297830551459e-01 5.174217702169449096e-01
5.274539455636755303e-01 4.725460544363245252e-01
4.426543452011314460e-03 9.955734565479885667e-01
9.483929633254029046e-01 5.160703667459701910e-02
9.614373845505995719e-01 3.856261544940046970e-02
9.908686523295957560e-01 9.131347670404243999e-03
6.918900944955781555e-03 9.930810990550441586e-01
7.441251635295976774e-01 2.558748364704023781e-01
5.025261951749934175e-01 4.974738048250066380e-01
4.689082250281109872e-03 9.953109177497188043e-01
9.948302341507797575e-01 5.169765849220160116e-03
5.176649650114653056e-01 4.823350349885346389e-01
9.936951721880609156e-01 6.304827811939081768e-03
5.130056153363389271e-01 4.869943846636610174e-01
4.522937333867859122e-01 5.477062666132140878e-01
4.336224619251267086e-03 9.956637753807486835e-01
4.419420096270948450e-01 5.580579903729051550e-01
9.956371358989246634e-01 4.362864101075368713e-03
5.836526366149303868e-01 4.163473633850696132e-01
5.515528140016192626e-01 4.484471859983807929e-01
4.901082706986751303e-01 5.098917293013247587e-01
4.913925574211504554e-01 5.086074425788494890e-01
5.272819754857397401e-01 4.727180245142602599e-01
1.830536632036463759e-02 9.816946336796353867e-01
4.099698852155064105e-03 9.959003011478450018e-01
5.298706209635151154e-01 4.701293790364848846e-01
4.993364509424524922e-01 5.006635490575476188e-01
4.932371219116912231e-01 5.067628780883088879e-01
5.921727295391222556e-01 4.078272704608777999e-01
4.595823524941884848e-03 9.954041764750580779e-01
4.191644627064798970e-03 9.958083553729351056e-01
4.728270589066188023e-01 5.271729410933811977e-01
2.781173467930700416e-01 7.218826532069299029e-01
9.956349064313236852e-01 4.365093568676383338e-03
6.102295789294251253e-03 9.938977042107056681e-01
9.666006029515797904e-01 3.339939704842020268e-02
9.937862665217109814e-01 6.213733478289124382e-03
1.499616479029379501e-01 8.500383520970620221e-01
5.666117149339133102e-02 9.433388285066087731e-01
9.953266192120905353e-01 4.673380787909492406e-03
4.914885369183433772e-01 5.085114630816566228e-01
1.437988357990195067e-02 9.856201164200980580e-01
5.940634525996315585e-01 4.059365474003684415e-01
5.460553996117498698e-01 4.539446003882501302e-01
9.957109265656558517e-01 4.289073434344163951e-03
9.957561228468176928e-01 4.243877153182226518e-03
5.078165657816313683e-01 4.921834342183686317e-01
4.961173751585198910e-01 5.038826248414801645e-01
3.925884153536137074e-03 9.960741158464638811e-01
5.395801231271182274e-01 4.604198768728817726e-01
4.246070431500551523e-01 5.753929568499448477e-01
5.370378140929588096e-01 4.629621859070411349e-01
9.956025417439351433e-01 4.397458256064845465e-03
4.686429558394410444e-01 5.313570441605589556e-01
9.883683226120586474e-01 1.163167738794135785e-02
5.384665883878796411e-01 4.615334116121204144e-01
5.778860021947471726e-01 4.221139978052527719e-01
9.678814412154408686e-03 9.903211855878455427e-01
4.996353684260566586e-01 5.003646315739433970e-01
4.999452442668798624e-01 5.000547557331201931e-01
5.065269385967259286e-01 4.934730614032740714e-01
9.573446821569823670e-03 9.904265531784300913e-01
9.790950834577659689e-01 2.090491654223397555e-02
3.277485620230919383e-01 6.722514379769081172e-01
4.974647970700641908e-01 5.025352029299358092e-01
5.817338120072304553e-03 9.941826618799276538e-01
1.506533264328531810e-02 9.849346673567147548e-01
4.230002922971646227e-03 9.957699970770284015e-01
5.087784290844897805e-01 4.912215709155102195e-01
9.775293189280617190e-01 2.247068107193828795e-02
5.995934311891376947e-03 9.940040656881086178e-01
4.882087688266464887e-01 5.117912311733534558e-01
1.445557189310608427e-02 9.855444281068940215e-01
4.925975817809237212e-01 5.074024182190762788e-01
5.305082691040124976e-01 4.694917308959875579e-01
5.188421044913388291e-01 4.811578955086611709e-01
3.207532799715757249e-02 9.679246720028424900e-01
5.417845488108735674e-01 4.582154511891264881e-01
4.734995012360506683e-01 5.265004987639493317e-01
4.725844065371382491e-02 9.527415593462862375e-01
3.135080803226563129e-01 6.864919196773436871e-01
9.869512888969528275e-01 1.304871110304706844e-02
9.091476413131137635e-01 9.085235868688619487e-02
5.202939862407474081e-01 4.797060137592525919e-01
1.110908346786141157e-02 9.888909165321385641e-01
3.768758130156342825e-03 9.962312418698436867e-01
8.705984951297375263e-01 1.294015048702625292e-01
9.953558985573218720e-01 4.644101442678103681e-03
4.919306958626000204e-01 5.080693041374000352e-01
9.955145495218956642e-01 4.485450478104256039e-03
5.005242306118882212e-01 4.994757693881118343e-01
4.731733304451455902e-01 5.268266695548544654e-01
4.796707779919830994e-01 5.203292220080169006e-01
3.952504851213423445e-03 9.960474951487865436e-01
9.929047484387385492e-01 7.095251561261423090e-03
4.459048279398487163e-03 9.955409517206014192e-01
5.381335003274938522e-01 4.618664996725060923e-01
1.123690129702678148e-01 8.876309870297321991e-01
9.827273184470234346e-01 1.727268155297664171e-02
5.833863119794786556e-01 4.166136880205212889e-01
5.385285429874510088e-01 4.614714570125490467e-01
6.381079484188703632e-02 9.361892051581129914e-01
2.585577275522812912e-02 9.741442272447717876e-01
9.954733412510918811e-01 4.526658748908169230e-03
5.313815071384756505e-01 4.686184928615243495e-01
3.089039739379838279e-02 9.691096026062016033e-01
9.955909094796608905e-01 4.409090520339172849e-03
9.754888474199587822e-01 2.451115258004125594e-02
1.974266030218337076e-02 9.802573396978165876e-01
4.705218347488210676e-03 9.952947816525117286e-01
3.007782155824349421e-02 9.699221784417565440e-01
4.833362066526327751e-03 9.951666379334737078e-01
9.955083814955739685e-01 4.491618504426139052e-03
9.515920235063008992e-01 4.840797649369917716e-02
5.026805992386843558e-01 4.973194007613156442e-01
4.139143394196399123e-03 9.958608566058037015e-01
3.582471731278097371e-01 6.417528268721902629e-01
4.235515116071719537e-03 9.957644848839283247e-01
5.087283325847733462e-01 4.912716674152265983e-01
9.828654864840327132e-01 1.713451351596730760e-02
9.895930148446954178e-01 1.040698515530450591e-02
5.080694847002924508e-01 4.919305152997076047e-01
4.337649259806259684e-03 9.956623507401938244e-01
6.102563803704141865e-02 9.389743619629585814e-01
4.893953921785994532e-01 5.106046078214006023e-01
4.923193825500561394e-01 5.076806174499437496e-01
4.271151000838879774e-01 5.728848999161120226e-01
5.020705785453455361e-01 4.979294214546544639e-01
4.281884290884495625e-01 5.718115709115504375e-01
5.135091008041100524e-01 4.864908991958899476e-01
5.220831626635301648e-01 4.779168373364698907e-01
9.926166005689355254e-01 7.383399431064452921e-03
9.957066478757568007e-01 4.293352124243299088e-03
4.084316753426239961e-03 9.959156832465737574e-01
9.953869421489260905e-01 4.613057851074005809e-03
5.343430764814685041e-01 4.656569235185315514e-01
4.865482920033883385e-01 5.134517079966117725e-01
6.132233978177056288e-01 3.867766021822943712e-01
9.660918579523471994e-01 3.390814204765282835e-02
4.356687080116101729e-01 5.643312919883898271e-01
9.946504833324997241e-01 5.349516667500194347e-03
5.330801557000851565e-01 4.669198442999148435e-01
5.825559369068671334e-01 4.174440630931328666e-01
5.089123548278362552e-01 4.910876451721637448e-01
4.992106837517538698e-01 5.007893162482461857e-01
9.787998377909732373e-01 2.120016220902664825e-02
7.053789150998106793e-03 9.929462108490018091e-01
9.954400216395252743e-01 4.559978360474736120e-03
4.102575294811668799e-03 9.958974247051883832e-01
4.689507897785613957e-03 9.953104921022143392e-01
5.237638143996382611e-01 4.762361856003617389e-01
5.529737871160698148e-01 4.470262128839301852e-01
4.760702677339407884e-01 5.239297322660592116e-01
6.106636473771080882e-03 9.938933635262289235e-01
9.955217015634204580e-01 4.478298436579454360e-03
4.894601602444015320e-01 5.105398397555984680e-01
3.889105817517290453e-01 6.110894182482708992e-01
5.557117990816802244e-01 4.442882009183198311e-01
5.067346866113748849e-01 4.932653133886250041e-01
4.815662466165833711e-01 5.184337533834165734e-01
9.904100621771083635e-01 9.589937822891586236e-03
3.991248141243779017e-03 9.960087518587562583e-01
5.029026410753211218e-01 4.970973589246788782e-01
9.662582125592744653e-01 3.374178744072559022e-02
5.115533188189987923e-01 4.884466811810010967e-01
9.706824828006308525e-01 2.931751719936918216e-02
5.228146905481841911e-01 4.771853094518158089e-01
5.046090988251740184e-01 4.953909011748258706e-01
5.093310484474129485e-01 4.906689515525869405e-01
5.060861070398541273e-01 4.939138929601459282e-01
5.267769786284451881e-03 9.947322302137154848e-01
9.956939739960229963e-01 4.306026003977117371e-03
9.811968859919794061e-01 1.880311400802065630e-02
5.505840139123384658e-01 4.494159860876614787e-01
9.782955633118395333e-01 2.170443668816042851e-02
7.398785437650059471e-01 2.601214562349941639e-01
5.184366719123592038e-01 4.815633280876407407e-01
4.848566092110450088e-01 5.151433907889549912e-01
2.212399635502032905e-02 9.778760036449796189e-01
5.054338849537602929e-01 4.945661150462396516e-01
8.420943751265876076e-03 9.915790562487342141e-01
4.273299946212819403e-03 9.957267000537872725e-01
3.851286390242720722e-03 9.961487136097572082e-01
1.932299820996621897e-02 9.806770017900338088e-01
4.225942051351063052e-03 9.957740579486490384e-01
9.267950505733870692e-01 7.320494942661300020e-02
1.219636424241943851e-01 8.780363575758056705e-01
9.954602416139326504e-01 4.539758386067258532e-03
5.030837035629202036e-01 4.969162964370799074e-01
9.922801591435278512e-01 7.719840856472278030e-03
6.091392826494634871e-01 3.908607173505365129e-01
4.005391995502469160e-03 9.959946080044975725e-01
4.737583410247592774e-01 5.262416589752407781e-01
5.118632136267725619e-01 4.881367863732274937e-01
5.021826541448720649e-01 4.978173458551279351e-01
9.769980020179802604e-01 2.300199798201982976e-02
9.816128889188429074e-01 1.838711108115706830e-02
5.201464279615454211e-01 4.798535720384544678e-01
5.026201925325481934e-01 4.973798074674518621e-01
9.953017256490791498e-01 4.698274350920851085e-03
5.372160484745897024e-01 4.627839515254102420e-01
7.640565334915754292e-01 2.359434665084245430e-01
4.263255470735913440e-03 9.957367445292640840e-01
4.508625287651868083e-03 9.954913747123481649e-01
5.203483614541666302e-01 4.796516385458333143e-01
5.175956876638162507e-01 4.824043123361836938e-01
9.950642381142814630e-01 4.935761885718598606e-03
4.339080575895735148e-01 5.660919424104264852e-01
9.634484119939226154e-01 3.655158800607730130e-02
5.676502679101537163e-01 4.323497320898461727e-01
5.041511005307429683e-01 4.958488994692570873e-01
9.949081683123656150e-01 5.091831687634516823e-03
9.925582597904105686e-01 7.441740209589394091e-03
9.912442213457250961e-01 8.755778654274981934e-03
5.170293912374530620e-01 4.829706087625468824e-01
4.435679882657608125e-03 9.955643201173423051e-01
5.098282789639887458e-01 4.901717210360113097e-01
7.998825787691401512e-01 2.001174212308597655e-01
9.786893504631408724e-01 2.131064953685917959e-02
9.954153881343198451e-01 4.584611865680108048e-03
4.810613910300583496e-01 5.189386089699415949e-01
4.996832256357630064e-01 5.003167743642370491e-01
5.469628779933957130e-01 4.530371220066042315e-01
3.193347784975056336e-01 6.806652215024944219e-01
5.242572232724453940e-01 4.757427767275546060e-01
5.043389620969551679e-01 4.956610379030448876e-01
9.958257879532139700e-01 4.174212046785967523e-03
9.660642635128260380e-01 3.393573648717384400e-02
9.952290022116615509e-01 4.770997788338477742e-03
4.181944901142240489e-01 5.818055098857760621e-01
5.391815615572237430e-01 4.608184384427761460e-01
5.596582337770142912e-01 4.403417662229857643e-01
9.928520552126131049e-01 7.147944787386896828e-03
1.109629913722333036e-02 9.889037008627767911e-01
9.939586400935026544e-01 6.041359906497300453e-03
4.393137293401608301e-01 5.606862706598392254e-01
5.082991173049311584e-01 4.917008826950688416e-01
9.956823553299632978e-01 4.317644670036807110e-03
5.986275480240534907e-01 4.013724519759465093e-01
5.075400928406517131e-01 4.924599071593482869e-01
9.954773934096770027e-01 4.522606590323004216e-03
3.962992515024411216e-02 9.603700748497558948e-01
4.953773553267264429e-01 5.046226446732736681e-01
5.339707963677984282e-01 4.660292036322015163e-01
9.919593032381167630e-01 8.040696761883275173e-03
5.257755207575539463e-03 9.947422447924245681e-01
9.684530954364249933e-01 3.154690456357499978e-02
4.594275281262011346e-01 5.405724718737988654e-01
9.950029627144082456e-01 4.997037285591686764e-03
4.934292021996460886e-01 5.065707978003538559e-01
4.645865305484914165e-03 9.953541346945150581e-01
2.791622697525595123e-02 9.720837730247441355e-01
4.305707577976032249e-03 9.956942924220240076e-01
5.266682074701964922e-01 4.733317925298035078e-01
9.926207957880481825e-01 7.379204211951908600e-03
4.494295428163103644e-03 9.955057045718368469e-01
5.143716446161439304e-01 4.856283553838560696e-01
5.339756743275164697e-01 4.660243256724835303e-01
2.471920422114701477e-01 7.528079577885298246e-01
5.466193669864363169e-01 4.533806330135637941e-01
4.079018609592833036e-03 9.959209813904071895e-01
4.651705746517982853e-01 5.348294253482017702e-01
4.799183622727954956e-01 5.200816377272045044e-01
4.764587140681911248e-01 5.235412859318089307e-01
9.663039143396654485e-01 3.369608566033458624e-02
3.893460967033642028e-03 9.961065390329663094e-01
9.712059332719091831e-01 2.879406672809090018e-02
9.942750681074153940e-01 5.724931892584645896e-03
9.740971512370041330e-01 2.590284876299589131e-02
4.983167372754105928e-01 5.016832627245894072e-01
9.440581714421838466e-01 5.594182855781617419e-02
4.220509773789550556e-03 9.957794902262104841e-01
5.299456755430252963e-01 4.700543244569747592e-01
5.164076570880493655e-01 4.835923429119506345e-01
9.923825303973726752e-01 7.617469602627238885e-03
9.951019585230223008e-01 4.898041476977763389e-03
9.857575525304886899e-01 1.424244746951142983e-02
9.955204031758276839e-01 4.479596824172376798e-03
2.849839900640213641e-02 9.715016009935979469e-01
5.164376860487391863e-01 4.835623139512608137e-01
4.775812876882026270e-01 5.224187123117972620e-01
9.713284232936505447e-01 2.867157670634937552e-02
4.814776764211911031e-01 5.185223235788088969e-01
5.145748849398039670e-01 4.854251150601960330e-01
6.606049747697247988e-03 9.933939502523028153e-01
4.933545713702817692e-01 5.066454286297181753e-01
9.923791914314603613e-01 7.620808568539537246e-03
4.975466798643594091e-01 5.024533201356404799e-01
4.988037229896135627e-01 5.011962770103864928e-01
9.945129722624018731e-01 5.487027737598156388e-03
4.674657639753295180e-01 5.325342360246705375e-01
2.380360903747177556e-02 9.761963909625283042e-01
5.173726488218393094e-01 4.826273511781606351e-01
8.882747663324617182e-01 1.117252336675381708e-01
4.465685143281508673e-03 9.955343148567185052e-01
4.844814530722091894e-01 5.155185469277907551e-01
1.776895709657203004e-02 9.822310429034279977e-01
9.831291804324524541e-01 1.687081956754750769e-02
5.328704284871700336e-01 4.671295715128299664e-01
9.925525985394897388e-01 7.447401460510213490e-03
3.313576220637767245e-01 6.686423779362232755e-01
9.953003688881809641e-01 4.699631111819055004e-03
1.214370427345313891e-01 8.785629572654686248e-01
5.097824568474446094e-01 4.902175431525554461e-01
5.028042236023464451e-01 4.971957763976535549e-01
6.060165376580226582e-01 3.939834623419772863e-01
4.957482396508406941e-01 5.042517603491593059e-01
5.037660505780476861e-01 4.962339494219522584e-01
9.958695794721681427e-01 4.130420527831881600e-03
5.096024642741268096e-01 4.903975357258731349e-01
5.376959894789635763e-01 4.623040105210363682e-01
7.598085675121877269e-01 2.401914324878123841e-01
9.857585246474835916e-01 1.424147535251645870e-02
5.042824057821506667e-01 4.957175942178492778e-01
4.385457041017100897e-03 9.956145429589828844e-01
9.955724885476227026e-01 4.427511452377388447e-03
2.877535299398548477e-02 9.712246470060145187e-01
7.683833830236495022e-01 2.316166169763505811e-01
6.876762074710676131e-01 3.123237925289323313e-01
5.626206908462711986e-01 4.373793091537288569e-01
5.050522072515669647e-01 4.949477927484330908e-01
5.883815450849423472e-03 9.941161845491505167e-01
9.156958914364903279e-01 8.430410856350971371e-02
9.134012329561588261e-01 8.659876704384124324e-02
4.079914337103487075e-03 9.959200856628964704e-01
5.075149218013517982e-02 9.492485078198646953e-01
6.157036357338379652e-03 9.938429636426616698e-01
5.201214802255754895e-03 9.947987851977443396e-01
5.178468117737004828e-02 9.482153188226299934e-01
2.437742838078692242e-02 9.756225716192130637e-01
1.236627808388254292e-02 9.876337219161174241e-01
8.323994026091480203e-01 1.676005973908519797e-01
5.494303715556970724e-01 4.505696284443030386e-01
9.877825100570679639e-01 1.221748994293214881e-02
4.852135509153556736e-01 5.147864490846443264e-01
9.953554590201300067e-01 4.644540979869897848e-03
5.295834211728805974e-01 4.704165788271194026e-01
9.955521119189646440e-01 4.447888081035299666e-03
5.076179871302705093e-01 4.923820128697295462e-01
9.922884617885188163e-01 7.711538211481122965e-03
1.970674446790961210e-02 9.802932555320903463e-01
1.318251621018685926e-02 9.868174837898132656e-01
5.011990912828253597e-01 4.988009087171745848e-01
1.744141727122551846e-02 9.825585827287744989e-01
4.317352731620240081e-03 9.956826472683797391e-01
4.739231084505163283e-01 5.260768915494836717e-01
1.070768441878648843e-02 9.892923155812135549e-01
9.909216543688638135e-01 9.078345631136257657e-03
4.772541475603692129e-01 5.227458524396307871e-01
5.347330824820095696e-01 4.652669175179904859e-01
3.883268730489632808e-02 9.611673126951038038e-01
2.483613024313453127e-02 9.751638697568654202e-01
5.133559352669985199e-01 4.866440647330015357e-01
3.925496029192168321e-03 9.960745039708078785e-01
9.938352228179619940e-01 6.164777182038033709e-03
5.146891919085739842e-01 4.853108080914259603e-01
9.947263122650273903e-01 5.273687734972581920e-03
4.644075103492633638e-01 5.355924896507366917e-01
5.580694807528435719e-01 4.419305192471563171e-01
1.413932400342516986e-02 9.858606759965748978e-01
5.138999803231354413e-01 4.861000196768645587e-01
4.205803966420374462e-01 5.794196033579626093e-01
7.335212255772728326e-03 9.926647877442273948e-01
4.950215482497367647e-01 5.049784517502633463e-01
4.385227879919249665e-03 9.956147721200807599e-01
9.942751757912410282e-01 5.724824208758865982e-03
5.670715310024331268e-01 4.329284689975668177e-01
5.179147188564117155e-01 4.820852811435882845e-01
4.694356882705018053e-01 5.305643117294982503e-01
4.830374743903468326e-01 5.169625256096531674e-01
9.957074784859115679e-01 4.292521514088521416e-03
5.081312418141593623e-01 4.918687581858406377e-01
5.712621790623714224e-01 4.287378209376286886e-01
4.067131373958443943e-03 9.959328686260416896e-01
9.956601029779881262e-01 4.339897022011879844e-03
5.472479756073774793e-01 4.527520243926225207e-01
4.159567289501457828e-03 9.958404327104986020e-01
3.993410973361519178e-03 9.960065890266384114e-01
3.671488356765119088e-01 6.328511643234880912e-01
9.956520992714519291e-01 4.347900728548184483e-03
1.602397699414757626e-01 8.397602300585242929e-01
4.872955745855871990e-01 5.127044254144127455e-01
5.121161904249679209e-01 4.878838095750320791e-01
5.298835803503918473e-01 4.701164196496081527e-01
4.991882248082603057e-01 5.008117751917395832e-01
6.378011796014473878e-02 9.362198820398552890e-01
2.657543925190654355e-02 9.734245607480934703e-01
5.534190971706050011e-01 4.465809028293949434e-01
5.153673533788381000e-01 4.846326466211619555e-01
4.888708534936025418e-01 5.111291465063974027e-01
5.175632241699740232e-01 4.824367758300259212e-01
4.095823449790407349e-03 9.959041765502094634e-01
5.035685527798802186e-01 4.964314472201198369e-01
5.654437412422328446e-01 4.345562587577672664e-01
4.197062792391520122e-03 9.958029372076085961e-01
9.937488448564704147e-01 6.251155143529649530e-03
4.409018995325181441e-03 9.955909810046746911e-01
5.444423626076844158e-01 4.555576373923155842e-01
1.622801478713603932e-02 9.837719852128640197e-01
5.235782979404527415e-01 4.764217020595473140e-01
5.538625694069795324e-01 4.461374305930205786e-01
6.972520900908049102e-01 3.027479099091950898e-01
9.942893145990486792e-01 5.710685400951232352e-03
5.284547196633641031e-01 4.715452803366358969e-01
4.623263238523402270e-03 9.953767367614766437e-01
9.473888711325064715e-01 5.261112886749361867e-02
9.822736838835991469e-01 1.772631611640081845e-02
5.536695855962011636e-01 4.463304144037987808e-01
4.895671689557106188e-01 5.104328310442892702e-01
5.344106045358459900e-01 4.655893954641540655e-01
5.076852464014278699e-01 4.923147535985721301e-01
2.957519338556415800e-01 7.042480661443584200e-01
5.063859970064468197e-01 4.936140029935531248e-01
1.667007661552848477e-02 9.833299233844714493e-01
5.144939661562728528e-01 4.855060338437270917e-01
4.852714480172805600e-01 5.147285519827193845e-01
4.647588835361814996e-01 5.352411164638184449e-01
3.847990758935863620e-01 6.152009241064135825e-01
4.795778918755569560e-03 9.952042210812444001e-01
5.628497597081154602e-01 4.371502402918845398e-01
9.889046805268529861e-01 1.109531947314704343e-02
4.039540986212597148e-03 9.959604590137873803e-01
9.673157319489322781e-01 3.268426805106763866e-02
4.244872600642772727e-03 9.957551273993572316e-01
1.493270877247089047e-02 9.850672912275290072e-01
9.813438915507705085e-01 1.865610844922958172e-02
9.953359711989222536e-01 4.664028801077893006e-03
4.930723531589038533e-01 5.069276468410960357e-01
9.932098033891072555e-03 9.900679019661089431e-01
5.093902272276948362e-03 9.949060977277229822e-01
5.049863788120988461e-01 4.950136211879011539e-01
1.712068542832576035e-01 8.287931457167424520e-01
9.955251941665518300e-01 4.474805833448092761e-03
7.257009415316986560e-03 9.927429905846829605e-01
3.872519259257160926e-03 9.961274807407429766e-01
9.958889051953653260e-01 4.111094804634734742e-03
9.958359652468968815e-01 4.164034753103114210e-03
4.976901847332210749e-01 5.023098152667788696e-01
8.515300308682001440e-02 9.148469969131799440e-01
5.021406390268318143e-01 4.978593609731681857e-01
4.983359279753119542e-01 5.016640720246879903e-01
7.251339818037033820e-03 9.927486601819630607e-01
4.909853211765977110e-01 5.090146788234022335e-01
4.974442183928319827e-01 5.025557816071680728e-01
9.488575539666029846e-01 5.114244603339688361e-02
5.341754327076049247e-01 4.658245672923950753e-01
9.944516946942084656e-01 5.548305305791439816e-03
9.668338141177814649e-01 3.316618588221858371e-02
3.222462239066915812e-02 9.677753776093307447e-01
4.193860666123650806e-03 9.958061393338762946e-01
9.672194847722297428e-01 3.278051522777020166e-02
4.778014040516269656e-01 5.221985959483730344e-01
4.853833213688827364e-01 5.146166786311172636e-01
9.918869726339354376e-01 8.113027366064604062e-03
8.440742901335784865e-03 9.915592570986642151e-01
5.371493393662737370e-01 4.628506606337262075e-01
5.438863142881324997e-01 4.561136857118674448e-01
9.384206835251300838e-01 6.157931647486993704e-02
9.945985937557119128e-01 5.401406244288148827e-03
9.896467140280472696e-01 1.035328597195268527e-02
4.712631111958759389e-01 5.287368888041240611e-01
5.081457068978297853e-01 4.918542931021702702e-01
5.656061221960512198e-01 4.343938778039486692e-01
5.372813699537728471e-01 4.627186300462272639e-01
5.163665949651140563e-01 4.836334050348858882e-01
8.546557378673030198e-03 9.914534426213269525e-01
2.748901690425958888e-02 9.725109830957404666e-01
9.950321513109824378e-01 4.967848689017623741e-03
5.233250515859123597e-01 4.766749484140875848e-01
5.815093976672686127e-01 4.184906023327312763e-01
9.884879377108553022e-01 1.151206228914474806e-02
4.825958309783828781e-01 5.174041690216170108e-01
9.954147939480018081e-01 4.585206051998120744e-03
9.929160655537853097e-01 7.083934446214613934e-03
9.956997385238445242e-01 4.300261476155468020e-03
9.888674114513638091e-01 1.113258854863624116e-02
9.951892269143993719e-01 4.810773085600669741e-03
9.276520845781196511e-01 7.234791542188029334e-02
5.038935932242669669e-01 4.961064067757329776e-01
9.087130461139058049e-03 9.909128695388608188e-01
9.953391552120735009e-01 4.660844787926523430e-03
5.184217387947225308e-01 4.815782612052774136e-01
9.928747396615178467e-01 7.125260338482070077e-03
1.580669903650573915e-01 8.419330096349425530e-01
5.057934028790744829e-01 4.942065971209255171e-01
5.519982008768649084e-01 4.480017991231350916e-01
4.618200870671630431e-01 5.381799129328369569e-01
5.217927835466249498e-01 4.782072164533751057e-01
5.215004154556245330e-01 4.784995845443754114e-01
5.286518103294853832e-01 4.713481896705145613e-01
4.952164724232679949e-01 5.047835275767319496e-01
5.082767978333214698e-01 4.917232021666784192e-01
1.063861404470088125e-02 9.893613859552989886e-01
9.952546916195496030e-01 4.745308380450493323e-03
5.421820206587537605e-01 4.578179793412461285e-01
4.121518950327065535e-03 9.958784810496729145e-01
7.905476631834790213e-01 2.094523368165208954e-01
