5.597036609236978322e-01 4.402963390763022233e-01
5.005465244460939322e-01 4.994534755539060678e-01
4.936709434253087614e-01 5.063290565746912941e-01
5.159227072334918729e-01 4.840772927665081826e-01
4.785284107627585382e-01 5.214715892372414618e-01
9.959772550029813987e-01 4.022744997018678527e-03
4.735081010166698745e-02 9.526491898983330264e-01
3.659742013485448725e-02 9.634025798651455474e-01
8.941693446654623567e-03 9.910583065533453695e-01
9.933783342857835930e-01 6.621665714216317701e-03
2.268430807321022702e-01 7.731569192678976465e-01
4.915776076313921328e-01 5.084223923686078672e-01
9.957014475622811833e-01 4.298552437718898209e-03
4.963987676485940616e-03 9.950360123235140186e-01
4.871461607449885101e-01 5.128538392550114899e-01
5.779660091851077791e-03 9.942203399081488424e-01
4.887457081020225025e-01 5.112542918979774420e-01
5.602804018900641170e-01 4.397195981099357720e-01
9.959388741469420436e-01 4.061125853058027493e-03
5.579912099959091210e-01 4.420087900040908790e-01
4.149551915479103570e-03 9.958504480845209450e-01
4.186361715054402466e-01 5.813638284945598089e-01
4.439235201035094391e-01 5.560764798964906719e-01
5.099389267520386682e-01 4.900610732479613318e-01
5.007258491975751236e-01 4.992741508024248209e-01
4.704467652649329534e-01 5.295532347350669911e-01
9.822788026430547825e-01 1.772119735694524176e-02
9.961432391968810807e-01 3.856760803119013443e-03
4.793013138708301923e-01 5.206986861291698077e-01
5.000917272985631046e-01 4.999082727014368954e-01
5.087104212391174718e-01 4.912895787608825282e-01
3.865893619587846275e-01 6.134106380412153170e-01
9.957468737887708032e-01 4.253126211229280029e-03
9.960561645236442052e-01 3.943835476355862443e-03
5.272062751572382799e-01 4.727937248427616646e-01
7.529747461849982670e-01 2.470252538150017607e-01
4.123313958477896855e-03 9.958766860415220190e-01
9.942402303562010157e-01 5.759769643799117836e-03
3.105656072340838222e-02 9.689434392765915449e-01
5.711452486916398369e-03 9.942885475130835982e-01
8.641239180704820555e-01 1.358760819295180278e-01
9.510013006349223863e-01 4.899869936507755125e-02
4.316456126157064595e-03 9.956835438738428357e-01
5.095055074365705261e-01 4.904944925634295294e-01
9.863802388695578349e-01 1.361976113044217201e-02
4.166348922555670464e-01 5.833651077444329536e-01
4.550946653000054742e-01 5.449053346999945813e-01
4.010054647786524817e-03 9.959899453522135238e-01
3.965145711752749401e-03 9.960348542882472289e-01
4.886373505637273684e-01 5.113626494362726316e-01
5.065251106088670685e-01 4.934748893911330425e-01
9.964085313167641011e-01 3.591468683235968240e-03
4.511800317554616746e-01 5.488199682445383809e-01
5.769904308611598642e-01 4.230095691388400803e-01
4.664407361883251557e-01 5.335592638116748443e-01
4.098794546631756575e-03 9.959012054533682434e-01
5.356741956600948873e-01 4.643258043399051127e-01
1.105721888905243817e-02 9.889427811109474664e-01
4.520449780255790251e-01 5.479550219744209194e-01
4.204122235206371183e-01 5.795877764793628817e-01
9.908448229371199512e-01 9.155177062880043640e-03
5.073822411472720395e-01 4.926177588527279605e-01
5.060010270109164265e-01 4.939989729890836290e-01
4.927891646685364502e-01 5.072108353314636053e-01
9.910891481877964759e-01 8.910851812203510192e-03
1.967656233291232432e-02 9.803234376670877381e-01
7.164287086859164599e-01 2.835712913140835401e-01
4.917609725766022288e-01 5.082390274233977712e-01
9.944410917887730461e-01 5.558908211226960827e-03
9.860199771808010327e-01 1.398002281919894473e-02
9.961019171708432873e-01 3.898082829156804176e-03
4.898303979399690755e-01 5.101696020600310355e-01
2.118347620837989984e-02 9.788165237916200967e-01
9.942737321077813606e-01 5.726267892218698391e-03
5.096013959786087621e-01 4.903986040213912379e-01
9.862236732246351112e-01 1.377632677536487320e-02
5.048220964012687384e-01 4.951779035987312616e-01
4.722955582601255919e-01 5.277044417398744081e-01
4.688836073487576139e-01 5.311163926512423306e-01
9.720569768131036570e-01 2.794302318689635342e-02
4.467141623667811312e-01 5.532858376332188133e-01
5.125749182409063964e-01 4.874250817590935481e-01
9.552107430968868051e-01 4.478925690311325036e-02
7.081298955477862700e-01 2.918701044522137855e-01
1.234362819284791010e-02 9.876563718071520448e-01
8.652555392526838085e-02 9.134744460747314942e-01
4.649256550061142690e-01 5.350743449938857310e-01
9.896560147037560817e-01 1.034398529624399460e-02
9.965006362036924470e-01 3.499363796307426375e-03
1.160090452708933406e-01 8.839909547291067149e-01
4.434626257997508446e-03 9.955653737420024907e-01
5.120194253416465724e-01 4.879805746583535386e-01
4.248682340762195524e-03 9.957513176592377446e-01
5.015498945646795770e-01 4.984501054353203675e-01
5.307445606861327381e-01 4.692554393138672619e-01
5.228953569126556511e-01 4.771046430873444044e-01
9.963662329210823954e-01 3.633767078917630663e-03
6.693622032207359809e-03 9.933063779677927529e-01
9.957002472179061758e-01 4.299752782093889218e-03
4.640341326954465218e-01 5.359658673045534227e-01
8.971985790944422279e-01 1.028014209055577444e-01
1.597783311720086391e-02 9.840221668827990875e-01
4.127069101900301962e-01 5.872930898099698593e-01
4.616791749905777564e-01 5.383208250094222436e-01
9.394705249986092799e-01 6.052947500139083115e-02
9.764620303287768754e-01 2.353796967122311415e-02
4.118335926172890862e-03 9.958816640738271664e-01
4.709683882223303919e-01 5.290316117776695526e-01
9.706712514659635582e-01 2.932874853403646953e-02
4.117960324827560185e-03 9.958820396751724147e-01
2.267466036754127792e-02 9.773253396324586006e-01
9.820408394673613151e-01 1.795916053263876822e-02
9.955705528070637467e-01 4.429447192936225575e-03
9.739971797658221186e-01 2.600282023417792299e-02
9.955143425455117434e-01 4.485657454488227967e-03
4.245470681016176064e-03 9.957545293189837832e-01
4.446536164447512096e-02 9.555346383555248790e-01
4.973625357336663444e-01 5.026374642663337111e-01
9.961392363085235235e-01 3.860763691476450446e-03
6.428995120969459576e-01 3.571004879030541534e-01
9.961084079381850032e-01 3.891592061814935256e-03
4.945966483671812575e-01 5.054033516328186870e-01
1.651878542207587189e-02 9.834812145779240344e-01
9.439929284919159128e-03 9.905600707150807871e-01
4.942232617110219328e-01 5.057767382889781782e-01
9.958817828642743120e-01 4.118217135725711457e-03
9.411124643153601088e-01 5.888753568463980792e-02
5.099409182636803761e-01 4.900590817363195684e-01
5.055082618321159460e-01 4.944917381678840540e-01
5.726455334598903324e-01 4.273544665401096121e-01
4.966647268727374942e-01 5.033352731272625613e-01
5.694465589438097997e-01 4.305534410561902003e-01
4.873605355778645176e-01 5.126394644221354824e-01
4.888838667763612533e-01 5.111161332236388022e-01
6.895931800741665792e-03 9.931040681992583385e-01
3.946209330304209333e-03 9.960537906696956822e-01
9.961857978944981262e-01 3.814202105501881147e-03
4.374798059617379664e-03 9.956252019403826203e-01
4.609876219393397312e-01 5.390123780606602688e-01
5.127667650484081241e-01 4.872332349515917649e-01
3.589225838555216153e-01 6.410774161444784403e-01
3.145751289772480419e-02 9.685424871022751958e-01
5.614876119270910682e-01 4.385123880729089318e-01
5.040949123051671581e-03 9.949590508769482478e-01
4.609522931375096833e-01 5.390477068624902612e-01
4.072815249849754404e-01 5.927184750150246151e-01
4.907671711479729137e-01 5.092328288520270307e-01
5.024813788848259133e-01 4.975186211151740312e-01
2.001546081172495342e-02 9.799845391882749945e-01
9.935354672544302046e-01 6.464532745569820556e-03
4.145105046765811332e-03 9.958548949532342043e-01
9.960653203997795746e-01 3.934679600220501727e-03
9.955973602081680252e-01 4.402639791832077196e-03
4.732351912162360841e-01 5.267648087837639714e-01
4.371673536486998524e-01 5.628326463513001476e-01
5.186870400862063635e-01 4.813129599137936920e-01
9.942814148561700538e-01 5.718585143829962684e-03
4.100844196917499858e-03 9.958991558030825253e-01
5.275103959131387521e-01 4.724896040868612479e-01
6.027705999075233523e-01 3.972294000924766477e-01
4.461800481882634006e-01 5.538199518117365994e-01
4.953557790027432461e-01 5.046442209972566983e-01
5.181079598031432809e-01 4.818920401968567746e-01
9.106305654864170138e-03 9.908936943451358559e-01
9.962993369538498678e-01 3.700663046150029414e-03
4.990734738746575028e-01 5.009265261253423862e-01
3.052816971168403892e-02 9.694718302883159611e-01
5.138829385722487597e-01 4.861170614277512403e-01
2.694775026384843911e-02 9.730522497361516754e-01
4.778437469742287114e-01 5.221562530257712886e-01
4.938699885439135073e-01 5.061300114560864927e-01
4.917574445524691695e-01 5.082425554475309415e-01
4.959602079157556243e-01 5.040397920842444313e-01
9.951679856572367422e-01 4.832014342763356687e-03
4.012245537584402562e-03 9.959877544624154977e-01
1.861354046844260549e-02 9.813864595315573425e-01
4.487129789609062835e-01 5.512870210390937720e-01
2.031358191915587016e-02 9.796864180808441125e-01
2.502539252217570453e-01 7.497460747782430657e-01
4.831998258472945396e-01 5.168001741527054049e-01
5.132168029796609909e-01 4.867831970203389536e-01
9.794162423407830609e-01 2.058375765921694259e-02
4.887679168174844380e-01 5.112320831825155620e-01
9.918522864391660088e-01 8.147713560833946128e-03
9.959539516713079577e-01 4.046048328692038870e-03
9.963524077199821249e-01 3.647592280017940541e-03
9.820222820213433401e-01 1.797771797865670151e-02
9.961027104646313912e-01 3.897289535368685109e-03
6.944002837695148478e-02 9.305599716230484875e-01
8.908019384025206433e-01 1.091980615974792318e-01
4.217379511267409752e-03 9.957826204887324506e-01
4.941017430527445131e-01 5.058982569472554314e-01
7.173831600505387908e-03 9.928261683994946685e-01
3.995120628485103742e-01 6.004879371514897368e-01
9.963169282418181671e-01 3.683071758181866683e-03
5.299114825153434793e-01 4.700885174846564651e-01
4.952528075406005814e-01 5.047471924593993631e-01
4.966849416815236617e-01 5.033150583184762272e-01
2.144031383002995353e-02 9.785596861699701332e-01
1.784094841167957815e-02 9.821590515883205086e-01
4.818178890448659435e-01 5.181821109551340010e-01
4.993875258998357602e-01 5.006124741001641842e-01
4.445566054333002261e-03 9.955544339456670055e-01
4.566071620216822780e-01 5.433928379783177220e-01
2.163471819550198960e-01 7.836528180449799930e-01
9.960839758739193917e-01 3.916024126080669063e-03
9.957522964393207277e-01 4.247703560679343474e-03
4.815014565817610226e-01 5.184985434182388664e-01
4.836320535040333213e-01 5.163679464959666232e-01
4.593564331053633792e-03 9.954064356689464876e-01
5.834906564025816866e-01 4.165093435974182579e-01
3.335690730504167062e-02 9.666430926949584057e-01
4.222389655056842384e-01 5.777610344943158172e-01
4.979224834641666764e-01 5.020775165358333236e-01
4.749635034298874819e-03 9.952503649657010731e-01
6.978796134546549033e-03 9.930212038654533391e-01
8.016716021349084079e-03 9.919832839786508760e-01
4.799109488653275357e-01 5.200890511346725198e-01
9.958555775957295131e-01 4.144422404270562375e-03
4.928702284254592447e-01 5.071297715745407553e-01
1.973662970510794701e-01 8.026337029489204467e-01
2.037518835676737847e-02 9.796248116432326736e-01
4.247149294018459295e-03 9.957528507059815182e-01
5.251445393045746091e-01 4.748554606954253354e-01
4.994370711090342363e-01 5.005629288909657637e-01
4.599221222269797571e-01 5.400778777730202984e-01
6.879355901799980577e-01 3.120644098200019978e-01
4.884125496074679385e-01 5.115874503925320615e-01
4.864229544457469023e-01 5.135770455542530977e-01
3.953921312427327930e-03 9.960460786875726669e-01
3.200636866114085766e-02 9.679936313388590730e-01
4.465927693803995770e-03 9.955340723061959496e-01
5.870901127501131356e-01 4.129098872498869199e-01
4.607686723219217018e-01 5.392313276780782427e-01
4.403309562578248126e-01 5.596690437421751874e-01
6.663197264428362063e-03 9.933368027355715668e-01
9.893242363795468064e-01 1.067576362045316932e-02
5.682363196031769981e-03 9.943176368039682300e-01
5.617245122348237807e-01 4.382754877651762748e-01
4.885526920537879292e-01 5.114473079462120708e-01
4.069451236684404685e-03 9.959305487633155485e-01
3.905158481105134860e-01 6.094841518894865695e-01
4.937523088565468066e-01 5.062476911434532489e-01
4.437356972076640475e-03 9.955626430279234107e-01
9.614218951344080111e-01 3.857810486559210689e-02
4.992719211638486643e-01 5.007280788361513357e-01
4.655676415979875249e-01 5.344323584020125306e-01
7.283574711787582125e-03 9.927164252882124673e-01
9.951154622592544019e-01 4.884537740745631060e-03
2.818849303473308643e-02 9.718115069652669691e-01
5.359280169864256704e-01 4.640719830135742741e-01
4.576315132247958314e-03 9.954236848677520122e-01
5.211639358980444392e-01 4.788360641019556163e-01
9.955559915334996068e-01 4.444008466500335049e-03
9.742153476754630281e-01 2.578465232453688513e-02
9.960513058783784235e-01 3.948694121621541819e-03
4.834407060545156121e-01 5.165592939454843879e-01
6.799157984501194227e-03 9.932008420154987416e-01
9.958207799928808779e-01 4.179220007119164616e-03
4.890696296992799175e-01 5.109303703007200825e-01
4.606061252755987989e-01 5.393938747244011456e-01
7.594846532064010169e-01 2.405153467935990663e-01
4.493437730793210516e-01 5.506562269206789484e-01
9.961343442490376843e-01 3.865655750962333510e-03
5.488978993050478428e-01 4.511021006949521572e-01
5.389349241214923536e-01 4.610650758785076464e-01
5.199162332411608745e-01 4.800837667588391255e-01
3.158681757852555005e-02 9.684131824214743389e-01
9.962917360621572627e-01 3.708263937842779835e-03
2.742263484881126562e-02 9.725773651511887552e-01
5.447946678927301049e-03 9.945520533210725489e-01
2.283101460927149454e-02 9.771689853907284951e-01
5.049029104618665276e-01 4.950970895381335279e-01
5.402916153521267889e-02 9.459708384647873558e-01
9.960509537288172455e-01 3.949046271182807440e-03
4.606045987252539997e-01 5.393954012747459448e-01
4.808479152906789400e-01 5.191520847093209490e-01
7.046501117800405001e-03 9.929534988821995256e-01
4.453995038982323969e-03 9.955460049610175277e-01
1.313488700544002824e-02 9.868651129945599232e-01
4.257474993247026100e-03 9.957425250067528655e-01
9.735549573954282998e-01 2.644504260457173836e-02
4.658659796354676086e-01 5.341340203645323914e-01
5.209425062854939892e-01 4.790574937145060108e-01
2.827159312124486248e-02 9.717284068787551687e-01
5.220971623530836769e-01 4.779028376469163786e-01
4.916186346884795499e-01 5.083813653115204501e-01
9.936650223941008164e-01 6.334977605899243421e-03
5.121043533297352512e-01 4.878956466702648598e-01
7.146432721916564160e-03 9.928535672780834931e-01
4.942523113395185796e-01 5.057476886604814759e-01
5.072118703225853009e-01 4.927881296774146991e-01
5.162236175527971233e-03 9.948377638244719767e-01
5.400203971698075422e-01 4.599796028301925688e-01
9.782272520248672665e-01 2.177274797513268148e-02
4.820930329957698879e-01 5.179069670042301121e-01
9.837629458865225496e-02 9.016237054113477312e-01
9.958099775887963023e-01 4.190022411203632620e-03
5.120410410859022043e-01 4.879589589140977957e-01
9.833106350429325904e-01 1.668936495706727433e-02
1.550963505835865376e-02 9.844903649416414382e-01
4.751914431585471665e-01 5.248085568414528890e-01
7.094118844970903962e-03 9.929058811550292019e-01
6.826034875477794417e-01 3.173965124522206138e-01
4.470259573756387751e-03 9.955297404262436478e-01
8.957514372160980676e-01 1.042485627839018214e-01
4.831723103305843314e-01 5.168276896694156131e-01
4.982687946588532091e-01 5.017312053411467909e-01
3.707112222433620596e-01 6.292887777566380514e-01
5.031324450865624076e-01 4.968675549134375369e-01
4.964238927086078723e-01 5.035761072913921277e-01
3.885951653091203415e-03 9.961140483469086426e-01
4.911677282104707221e-01 5.088322717895292779e-01
4.591756046656028656e-01 5.408243953343971899e-01
2.271049053697633269e-01 7.728950946302366454e-01
1.270526918017082958e-02 9.872947308198292138e-01
4.939008600104380364e-01 5.060991399895619081e-01
9.959704626438244945e-01 4.029537356175492448e-03
4.262098236025463685e-03 9.957379017639745866e-01
9.728272593433173743e-01 2.717274065668255981e-02
2.208167905763733507e-01 7.791832094236266215e-01
3.090719221682273754e-01 6.909280778317725691e-01
4.278135352420158188e-01 5.721864647579841812e-01
4.945973341085149744e-01 5.054026658914849701e-01
9.947011413448879624e-01 5.298858655112066197e-03
7.807541473259446696e-02 9.219245852674055053e-01
8.222694784372033827e-02 9.177730521562796895e-01
9.962123557351875158e-01 3.787644264812522771e-03
9.521303495947505136e-01 4.786965040524948645e-02
9.941660049755942641e-01 5.833995024405695153e-03
9.952105634437861115e-01 4.789436556213779242e-03
9.509617556713293451e-01 4.903824432867057159e-02
9.773622617899689891e-01 2.263773821003096584e-02
9.887699365775596272e-01 1.123006342244030516e-02
1.517709763732326134e-01 8.482290236267674421e-01
4.606681678929036572e-01 5.393318321070963428e-01
1.097191606867717502e-02 9.890280839313227990e-01
5.175402567486948602e-01 4.824597432513050843e-01
4.272988251926458994e-03 9.957270117480734317e-01
4.758078472671411485e-01 5.241921527328587960e-01
4.105198937041504292e-03 9.958948010629584680e-01
4.932221692849081962e-01 5.067778307150918593e-01
7.128338698259266935e-03 9.928716613017407600e-01
9.808211503641436346e-01 1.917884963585650415e-02
9.878079798707282144e-01 1.219202012927165200e-02
4.966876551128548423e-01 5.033123448871451577e-01
9.839089125978348616e-01 1.609108740216502742e-02
9.959129536103895619e-01 4.087046389610502276e-03
5.206684648311133978e-01 4.793315351688867132e-01
9.900867912998270182e-01 9.913208700173110205e-03
8.428778288816322906e-03 9.915712217111836146e-01
5.190405336289148908e-01 4.809594663710851092e-01
4.663928098343213535e-01 5.336071901656785910e-01
9.629108892029724087e-01 3.708911079702753577e-02
9.772273166775823361e-01 2.277268332241778881e-02
4.961988754461558737e-01 5.038011245538440708e-01
9.963052715095407352e-01 3.694728490459288622e-03
5.718520614378578767e-03 9.942814793856215028e-01
4.840687584638088681e-01 5.159312415361911874e-01
4.802864960042950958e-03 9.951971350399571037e-01
5.483037034024018652e-01 4.516962965975980238e-01
4.280722082562911091e-01 5.719277917437088909e-01
9.869869766446796033e-01 1.301302335532036718e-02
4.875985927212789783e-01 5.124014072787209662e-01
6.047279908945856208e-01 3.952720091054143792e-01
9.929999810028008467e-01 7.000018997199211439e-03
4.966203266760963464e-01 5.033796733239036536e-01
9.959500552640785376e-01 4.049944735921325381e-03
5.119944122335229157e-03 9.948800558776647041e-01
4.445662587964586132e-01 5.554337412035413868e-01
4.872040215282962272e-01 5.127959784717036618e-01
5.404827731554489034e-01 4.595172268445510966e-01
5.149807669313695158e-01 4.850192330686304287e-01
4.001888802196491846e-03 9.959981111978034596e-01
4.969931302962865005e-01 5.030068697037134440e-01
4.476070114671742428e-01 5.523929885328258127e-01
9.962922668087628164e-01 3.707733191237297214e-03
3.991173424209045265e-03 9.960088265757909287e-01
4.457132254232312740e-01 5.542867745767686705e-01
9.961069489247283970e-01 3.893051075271560055e-03
9.962969484120453023e-01 3.703051587954626130e-03
6.460118681075051050e-01 3.539881318924950060e-01
4.041051390004363371e-03 9.959589486099955646e-01
8.566283562759426928e-01 1.433716437240574182e-01
5.167962753358205097e-01 4.832037246641794348e-01
4.900682192150088712e-01 5.099317807849910178e-01
4.580045701984951090e-01 5.419954298015048355e-01
5.007483577120684926e-01 4.992516422879315074e-01
9.385676140872563078e-01 6.143238591274358118e-02
9.752073820943838456e-01 2.479261790561619952e-02
4.560292145057417423e-01 5.439707854942582577e-01
4.893139035719651919e-01 5.106860964280348636e-01
5.142800119537981329e-01 4.857199880462019226e-01
4.841674069704458017e-01 5.158325930295541983e-01
9.961957943049982722e-01 3.804205695001665766e-03
4.967989721571058337e-01 5.032010278428942218e-01
4.457836652020769619e-01 5.542163347979230936e-01
9.961349375063639489e-01 3.865062493636081068e-03
5.790988606475181225e-03 9.942090113935249107e-01
9.958988414816373202e-01 4.101158518362677148e-03
4.502690456118592088e-01 5.497309543881407912e-01
9.845346663625316186e-01 1.546533363746848029e-02
4.775294250873335367e-01 5.224705749126665744e-01
4.489081751154483935e-01 5.510918248845515510e-01
2.948922913218643971e-01 7.051077086781356584e-01
5.295193980202096695e-03 9.947048060197978270e-01
4.847418331547390102e-01 5.152581668452609343e-01
9.955959262199198800e-01 4.404073780080248329e-03
4.837437252564763535e-02 9.516256274743524202e-01
1.653355035048021532e-02 9.834664496495199026e-01
4.475839766850427948e-01 5.524160233149572052e-01
5.212207891702461682e-01 4.787792108297538318e-01
4.709250513781473857e-01 5.290749486218525588e-01
4.943847340218646691e-01 5.056152659781353309e-01
7.120111217674066628e-01 2.879888782325932262e-01
4.908319509379601153e-01 5.091680490620399402e-01
9.840184372276534752e-01 1.598156277234651437e-02
4.833299124559875537e-01 5.166700875440124463e-01
5.229452275733809108e-01 4.770547724266190892e-01
5.414756793715295169e-01 4.585243206284705941e-01
6.320588115099106119e-01 3.679411884900894436e-01
9.953746132379012179e-01 4.625386762098889631e-03
4.348417992524944986e-01 5.651582007475055569e-01
1.070455872852510600e-02 9.892954412714748402e-01
9.962885288103485726e-01 3.711471189651468182e-03
2.922375129135569918e-02 9.707762487086443182e-01
9.960514206284059036e-01 3.948579371594194455e-03
9.863140921519950588e-01 1.368590784800506437e-02
1.713908434981284076e-02 9.828609156501871835e-01
4.448758230463885528e-03 9.955512417695360217e-01
5.189472018795718844e-01 4.810527981204280601e-01
9.909677805752438173e-01 9.032219424756328385e-03
9.952627833385057077e-01 4.737216661494247222e-03
5.039293450734358970e-01 4.960706549265641030e-01
8.381255720855252944e-01 1.618744279144747611e-01
4.146453718955557879e-03 9.958535462810444994e-01
9.933934771861119284e-01 6.606522813888096764e-03
9.963635607128755733e-01 3.636439287124381119e-03
3.874513837923161414e-03 9.961254861620769674e-01
3.928699061155502444e-03 9.960713009388445505e-01
4.965583743635556546e-01 5.034416256364443454e-01
9.173476079435435304e-01 8.265239205645646958e-02
4.885023383009047815e-01 5.114976616990952740e-01
5.045289795332369431e-01 4.954710204667631124e-01
9.935327864268431730e-01 6.467213573156951889e-03
5.168002488042786613e-01 4.831997511957212832e-01
5.143480174896848389e-01 4.856519825103152721e-01
5.093776427800522644e-02 9.490622357219947736e-01
4.665155556972609419e-01 5.334844443027390026e-01
5.158158212280364655e-03 9.948418417877196163e-01
3.194249109115994412e-02 9.680575089088401253e-01
9.682933519334762096e-01 3.170664806652382511e-02
9.960052667972902896e-01 3.994733202709635847e-03
2.929861188586251053e-02 9.707013881141375311e-01
5.250240993919130794e-01 4.749759006080869206e-01
5.135830741304049374e-01 4.864169258695951181e-01
7.800146846567391698e-03 9.921998531534327315e-01
9.922007787547736379e-01 7.799221245226273594e-03
4.611315144173717684e-01 5.388684855826282316e-01
4.638103700965457987e-01 5.361896299034542013e-01
5.540901792724080982e-02 9.445909820727592665e-01
5.132477328981863325e-03 9.948675226710180786e-01
9.841688125635584747e-03 9.901583118743644274e-01
5.231028053274823231e-01 4.768971946725176769e-01
4.931586059264314037e-01 5.068413940735685408e-01
4.460362967413013524e-01 5.539637032586985921e-01
4.674214633344279668e-01 5.325785366655720887e-01
4.768052673935646579e-01 5.231947326064353421e-01
9.920248656568162460e-01 7.975134343183873722e-03
9.745734386307086661e-01 2.542656136929128188e-02
4.573430236582419310e-03 9.954265697634174792e-01
4.687288653398395399e-01 5.312711346601605156e-01
4.319267866965193492e-01 5.680732133034807063e-01
1.079327508857543319e-02 9.892067249114246952e-01
5.454657348291023222e-01 4.545342651708976223e-01
4.197803297028872803e-03 9.958021967029710986e-01
6.468053347978792132e-03 9.935319466520212695e-01
4.138287337002674940e-03 9.958617126629972782e-01
1.024664700435225922e-02 9.897533529956478171e-01
4.350765395645056141e-03 9.956492346043550601e-01
7.114266559340992613e-02 9.288573344065901294e-01
4.953940120656815660e-01 5.046059879343183230e-01
9.918775569856851382e-01 8.122443014314936413e-03
4.373636336262197097e-03 9.956263636637376901e-01
4.880621707068059090e-01 5.119378292931940910e-01
6.637993206411698516e-03 9.933620067935883258e-01
8.608727558040725203e-01 1.391272441959273687e-01
5.013230118786726752e-01 4.986769881213272693e-01
4.301081051508787723e-01 5.698918948491212833e-01
5.342134392364539242e-01 4.657865607635461314e-01
4.611743877833316407e-01 5.388256122166683593e-01
4.769009501459580691e-01 5.230990498540419864e-01
4.742564124381054569e-01 5.257435875618945431e-01
5.000177321014410703e-01 4.999822678985589297e-01
4.973086255820605150e-01 5.026913744179394294e-01
9.902068388988756187e-01 9.793161101124450707e-03
4.440290507018786713e-03 9.955597094929811153e-01
4.466583719374905836e-01 5.533416280625094164e-01
9.961092405222202739e-01 3.890759477779762079e-03
1.840489778840381785e-01 8.159510221159618215e-01
