5.296551245987090040e-01 4.703448754012910515e-01
4.885646481746346304e-01 5.114353518253652586e-01
4.608555428304782486e-01 5.391444571695217514e-01
5.027135169985639251e-01 4.972864830014361304e-01
4.853984796352924236e-01 5.146015203647075209e-01
4.932086331801699974e-01 5.067913668198299471e-01
6.757837810743966278e-01 3.242162189256033722e-01
4.867717757960199898e-01 5.132282242039800657e-01
4.988448247860568507e-01 5.011551752139431493e-01
4.965805138090987336e-01 5.034194861909012664e-01
4.799265657823912345e-01 5.200734342176087655e-01
3.795697995974341155e-02 9.620430200402566578e-01
5.090128501380569714e-01 4.909871498619431396e-01
4.955427947053933635e-01 5.044572052946065810e-01
4.734717356065471644e-02 9.526528264393453460e-01
5.003683113435101193e-01 4.996316886564899362e-01
4.879924012705627034e-01 5.120075987294372410e-01
5.097185957375751642e-01 4.902814042624248914e-01
4.659982900884656054e-01 5.340017099115343946e-01
4.925302992478753916e-01 5.074697007521246084e-01
4.515925362762793771e-01 5.484074637237206229e-01
4.895137298023019001e-01 5.104862701976979888e-01
5.098212521338651992e-01 4.901787478661348008e-01
5.118570996249197647e-01 4.881429003750802353e-01
4.874718033273773843e-01 5.125281966726227267e-01
4.978973592108505986e-01 5.021026407891493459e-01
4.430869225506763875e-01 5.569130774493236125e-01
3.038878900151588125e-01 6.961121099848411875e-01
6.662311082785374317e-02 9.333768891721462291e-01
6.882147575271578555e-02 9.311785242472843116e-01
4.920297788274050621e-01 5.079702211725949379e-01
5.612502437182786963e-01 4.387497562817212482e-01
4.787261195163788341e-01 5.212738804836211104e-01
9.179039884408943806e-01 8.209601155910559167e-02
4.819401656594951011e-01 5.180598343405049544e-01
4.497676808335624443e-01 5.502323191664376667e-01
6.231935489890139124e-01 3.768064510109859766e-01
9.153982299008939227e-02 9.084601770099105522e-01
5.054546570363115388e-01 4.945453429636885168e-01
1.533066731403382177e-01 8.466933268596618101e-01
4.993522770545447131e-01 5.006477229454553424e-01
3.404834961364214263e-02 9.659516503863578851e-01
5.035155856649520256e-01 4.964844143350479189e-01
4.985703853396500351e-01 5.014296146603499649e-01
4.825179691783708091e-01 5.174820308216291354e-01
8.252343043989230909e-01 1.747656956010768259e-01
5.068959672937373151e-01 4.931040327062626294e-01
4.760444783254539902e-01 5.239555216745459543e-01
9.431966494906390830e-01 5.680335050936086844e-02
5.053645671140623019e-01 4.946354328859375871e-01
6.010218305211496165e-02 9.398978169478849898e-01
9.327783344433641932e-02 9.067221665556636223e-01
4.913197496822978572e-01 5.086802503177021428e-01
4.934720940637465914e-01 5.065279059362534086e-01
5.122548342101741481e-01 4.877451657898257964e-01
4.920421887785547121e-01 5.079578112214453434e-01
4.535258168576606908e-01 5.464741831423393092e-01
4.422649331921651439e-01 5.577350668078349116e-01
5.741545320271355946e-02 9.425845467972865377e-01
5.044837921003526571e-01 4.955162078996473984e-01
9.631240071281723658e-01 3.687599287182769664e-02
4.936115981634643934e-01 5.063884018365356621e-01
4.812968051833823036e-01 5.187031948166176409e-01
4.820148491752623832e-01 5.179851508247376168e-01
4.998932549104492806e-01 5.001067450895506639e-01
5.007412914582207719e-01 4.992587085417792836e-01
5.395644177094873761e-01 4.604355822905125684e-01
5.022935663603644851e-01 4.977064336396355149e-01
4.979220068573748659e-01 5.020779931426251341e-01
4.723363719700316432e-01 5.276636280299683568e-01
4.605330516146715070e-01 5.394669483853284930e-01
5.239542395646138440e-01 4.760457604353861560e-01
4.955197887008298552e-01 5.044802112991702003e-01
5.049537185283462515e-01 4.950462814716537485e-01
4.935334549479670763e-01 5.064665450520329237e-01
5.064943016968792566e-01 4.935056983031206879e-01
5.246740128364966171e-01 4.753259871635033273e-01
9.606392159288227317e-01 3.936078407117727523e-02
5.101412206329518639e-01 4.898587793670480806e-01
4.965942806077260907e-01 5.034057193922739648e-01
5.353570163520016134e-01 4.646429836479983866e-01
4.870369947146940826e-01 5.129630052853059174e-01
4.802843375819289551e-01 5.197156624180709894e-01
2.415384743225778008e-01 7.584615256774221992e-01
9.497282775748799866e-01 5.027172242511998568e-02
4.650056892433834244e-01 5.349943107566166312e-01
4.912520144516123177e-01 5.087479855483876268e-01
9.558951911978027516e-01 4.410480880219709576e-02
4.963363112901791885e-01 5.036636887098208115e-01
4.995714018889733654e-01 5.004285981110266901e-01
4.845915838595987180e-01 5.154084161404013376e-01
9.669338727306515668e-01 3.306612726934837765e-02
8.045401230566194550e-02 9.195459876943380406e-01
4.713492882768270387e-01 5.286507117231729058e-01
4.763382467132390441e-01 5.236617532867610114e-01
4.542898141621267705e-01 5.457101858378733406e-01
9.470155257629441214e-01 5.298447423705589243e-02
4.823129258303299194e-01 5.176870741696699696e-01
6.272590576803441231e-02 9.372740942319656154e-01
5.042086300464018178e-01 4.957913699535982932e-01
5.141675954990043707e-02 9.485832404500995629e-01
4.738476064305482405e-01 5.261523935694517595e-01
4.703721190555565368e-01 5.296278809444433522e-01
4.639401151247919963e-01 5.360598848752080592e-01
5.062857133425608946e-01 4.937142866574391054e-01
9.537269059929645021e-01 4.627309400703545628e-02
5.080152118946967138e-02 9.491984788105304327e-01
9.612848457554487025e-01 3.871515424455124893e-02
5.169256353325654141e-01 4.830743646674345859e-01
7.111318122458898383e-02 9.288868187754110162e-01
4.971818515353340073e-01 5.028181484646659927e-01
6.778551975410222752e-02 9.322144802458977031e-01
4.962486500237776599e-01 5.037513499762223956e-01
5.075800953642058966e-01 4.924199046357939924e-01
5.899304950122416513e-02 9.410069504987759181e-01
6.896101188638879831e-02 9.310389881136110768e-01
4.594875920831062444e-01 5.405124079168937001e-01
4.983837787276458320e-01 5.016162212723541680e-01
4.834120860885683935e-01 5.165879139114316621e-01
4.976034548860109874e-01 5.023965451139890126e-01
3.713788898291942031e-01 6.286211101708059079e-01
4.406604323730868855e-01 5.593395676269131700e-01
4.352225267715185142e-01 5.647774732284814858e-01
4.674600854186380383e-01 5.325399145813619617e-01
5.758107588720955822e-02 9.424189241127903793e-01
4.444913784508501275e-01 5.555086215491499280e-01
3.292827210929539783e-01 6.707172789070460217e-01
4.933329736799103582e-01 5.066670263200896418e-01
4.828195054690994636e-01 5.171804945309005364e-01
9.506587898350612464e-01 4.934121016493879519e-02
4.705221946459489102e-01 5.294778053540510898e-01
4.742981046071894635e-01 5.257018953928104255e-01
5.061400791873057470e-01 4.938599208126941975e-01
1.004831163447849757e-01 8.995168836552149827e-01
7.304040350575996543e-01 2.695959649424003457e-01
4.525287236646612365e-01 5.474712763353387635e-01
5.003740908524960673e-01 4.996259091475038772e-01
4.925477259755814408e-01 5.074522740244186148e-01
5.063653011460000908e-01 4.936346988539998537e-01
4.742230491453054975e-01 5.257769508546945580e-01
7.314793728845639387e-02 9.268520627115436339e-01
8.546137005452945079e-01 1.453862994547056031e-01
5.005369162444913700e-01 4.994630837555086855e-01
5.113349972417545741e-01 4.886650027582453704e-01
4.320074331260341238e-01 5.679925668739659317e-01
8.807141485170628670e-01 1.192858514829370775e-01
4.901321017802570124e-01 5.098678982197428766e-01
9.291836308012582091e-01 7.081636919874173541e-02
4.953935022504193375e-01 5.046064977495806625e-01
5.007106390572916288e-01 4.992893609427083157e-01
4.720473270440374014e-01 5.279526729559625986e-01
4.836674760175542764e-01 5.163325239824457791e-01
4.741930549569717823e-01 5.258069450430281622e-01
4.828270204851206615e-01 5.171729795148792830e-01
4.053202787450659872e-01 5.946797212549340683e-01
5.183504575377402557e-02 9.481649542462259328e-01
1.230812739319534083e-01 8.769187260680465501e-01
4.546430876815527045e-02 9.545356912318446740e-01
4.160764391645045968e-01 5.839235608354953477e-01
5.115203186632654164e-01 4.884796813367346946e-01
9.570264155217986790e-01 4.297358447820141814e-02
4.890111323542251087e-01 5.109888676457747803e-01
4.943939744514344037e-01 5.056060255485657073e-01
4.721760258950091216e-01 5.278239741049909339e-01
3.544185210247355333e-02 9.645581478975264744e-01
4.952634479573264081e-01 5.047365520426736474e-01
4.119174945423039191e-01 5.880825054576961364e-01
4.824383429537232870e-01 5.175616570462767685e-01
4.881967615578947650e-01 5.118032384421052905e-01
4.938395659652659586e-01 5.061604340347339859e-01
5.102503747108758647e-01 4.897496252891241353e-01
5.285166130308887045e-01 4.714833869691112955e-01
6.859558770965253072e-02 9.314044122903474276e-01
4.307520262712986603e-01 5.692479737287012842e-01
4.748499784101102850e-01 5.251500215898897705e-01
5.013282270798681273e-01 4.986717729201318172e-01
4.355085510029769735e-01 5.644914489970229710e-01
5.072593192079846158e-01 4.927406807920154397e-01
4.644361633007228485e-01 5.355638366992770960e-01
4.879347470245168350e-01 5.120652529754832205e-01
4.928358235496951845e-01 5.071641764503048710e-01
4.703899326397226743e-01 5.296100673602773812e-01
4.791713740435619706e-01 5.208286259564379739e-01
4.588362651711657136e-01 5.411637348288343974e-01
6.225697095681801407e-01 3.774302904318199148e-01
4.874672986159883092e-01 5.125327013840117463e-01
4.877036730197761294e-01 5.122963269802238706e-01
4.853969354053781493e-01 5.146030645946217952e-01
4.366227300371270936e-01 5.633772699628728509e-01
8.094142253615129734e-01 1.905857746384870544e-01
4.429980181988573684e-01 5.570019818011426871e-01
4.163865658944250203e-01 5.836134341055749797e-01
4.783297091675337565e-01 5.216702908324661880e-01
4.952728346880819199e-01 5.047271653119179691e-01
4.699889789540711016e-01 5.300110210459288984e-01
5.278032167423754029e-01 4.721967832576245971e-01
9.663569711636402770e-01 3.364302883635986174e-02
9.583444759081007902e-01 4.165552409189925143e-02
4.939751751157320792e-01 5.060248248842679208e-01
3.929717592629963785e-02 9.607028240737003344e-01
5.260442048736115872e-01 4.739557951263884128e-01
4.996910939091713799e-01 5.003089060908285646e-01
3.778677484481079984e-01 6.221322515518921126e-01
7.042078948760320811e-01 2.957921051239679744e-01
5.171107858984476113e-01 4.828892141015523887e-01
4.750204715444062975e-01 5.249795284555935915e-01
5.061484899947527039e-01 4.938515100052473517e-01
4.850363537691641524e-01 5.149636462308359031e-01
4.873275344438248724e-01 5.126724655561750721e-01
1.374520340507852101e-01 8.625479659492146789e-01
4.964403022020855150e-01 5.035596977979144295e-01
1.847998939966785104e-01 8.152001060033214896e-01
4.746604062604207752e-01 5.253395937395792803e-01
4.874169552245364856e-01 5.125830447754635699e-01
3.575002366644897678e-01 6.424997633355102877e-01
5.404742884291255933e-01 4.595257115708743512e-01
5.143932695284753054e-01 4.856067304715246391e-01
8.911819230724372654e-01 1.088180769275628318e-01
5.206150863886574998e-01 4.793849136113425002e-01
3.510089561659912594e-02 9.648991043834009851e-01
4.941566279465665623e-01 5.058433720534334377e-01
4.914710476665443695e-01 5.085289523334557416e-01
9.505631277520847355e-01 4.943687224791522977e-02
3.097091909536455259e-02 9.690290809046353537e-01
9.391914951706888948e-01 6.080850482931121626e-02
4.988747766559821772e-01 5.011252233440178783e-01
5.044731648935427692e-01 4.955268351064572308e-01
7.849312556577947575e-01 2.150687443422051870e-01
7.128918032366889090e-02 9.287108196763311785e-01
9.676811390385501310e-01 3.231886096144997306e-02
4.861081448524710025e-01 5.138918551475291085e-01
4.971939842458557579e-01 5.028060157541442976e-01
4.998449530600220791e-01 5.001550469399779209e-01
4.882737774022107707e-02 9.511726222597789437e-01
4.852973151747459746e-02 9.514702684825254719e-01
5.318725671737356553e-01 4.681274328262644557e-01
4.741487824241742977e-01 5.258512175758256468e-01
5.227945088533825224e-01 4.772054911466174776e-01
9.054056589369429142e-01 9.459434106305714129e-02
4.953876702137466892e-01 5.046123297862532553e-01
4.942424180596876604e-01 5.057575819403122841e-01
4.896549344456669894e-01 5.103450655543330106e-01
4.949460978803163491e-01 5.050539021196835954e-01
4.525225408151636874e-01 5.474774591848363681e-01
4.657158760419388699e-01 5.342841239580611301e-01
4.409867480712486576e-01 5.590132519287513979e-01
4.825244560968439123e-01 5.174755439031560877e-01
5.028376925538302622e-01 4.971623074461697378e-01
4.975629417550101463e-01 5.024370582449898537e-01
7.746794761759565051e-02 9.225320523824043217e-01
4.581759593009032683e-01 5.418240406990967317e-01
3.957689453187412942e-02 9.604231054681258151e-01
6.510236319563528218e-01 3.489763680436471782e-01
4.864846308044844525e-01 5.135153691955155475e-01
4.168423490794077035e-01 5.831576509205922410e-01
5.940768011895731782e-01 4.059231988104268218e-01
9.522823242278717348e-01 4.771767577212818884e-02
4.928183268913550186e-01 5.071816731086449259e-01
4.958631056805771764e-01 5.041368943194227681e-01
2.097458645376917008e-01 7.902541354623083825e-01
4.903626586893226613e-01 5.096373413106772832e-01
4.477212099115800426e-01 5.522787900884200685e-01
4.929444347458151743e-01 5.070555652541847147e-01
5.022928291103947451e-01 4.977071708896052549e-01
4.984863876992818299e-01 5.015136123007181146e-01
2.977060828991681118e-01 7.022939171008318882e-01
4.507865604012902261e-01 5.492134395987098294e-01
4.857381658475465325e-01 5.142618341524534120e-01
9.591323335805459482e-01 4.086766641945404482e-02
4.938483621488314879e-01 5.061516378511684566e-01
4.897321385630848400e-01 5.102678614369151600e-01
7.126359095229505003e-02 9.287364090477049361e-01
5.041365446407252149e-01 4.958634553592747296e-01
5.180539257869036796e-01 4.819460742130963760e-01
5.086234250290991854e-01 4.913765749709009256e-01
5.210546863546826613e-01 4.789453136453173387e-01
4.445871715846997918e-01 5.554128284153001527e-01
8.924740315681012337e-01 1.075259684318986553e-01
4.963415737492629654e-01 5.036584262507369791e-01
5.060541567500165261e-01 4.939458432499834184e-01
4.858281573241341467e-01 5.141718426758659088e-01
4.878183427819002826e-01 5.121816572180997174e-01
4.801691740989609825e-01 5.198308259010390175e-01
1.139056689957040902e-01 8.860943310042959098e-01
4.874774708423761371e-01 5.125225291576238629e-01
4.953277026207489886e-01 5.046722973792510114e-01
4.941006617746442342e-01 5.058993382253558213e-01
6.274169632354260617e-01 3.725830367645740493e-01
4.635434567691533170e-01 5.364565432308466830e-01
5.050528321794220954e-01 4.949471678205779601e-01
4.781279063512667848e-01 5.218720936487333262e-01
4.905121567664107451e-01 5.094878432335893104e-01
9.486166062856302705e-01 5.138339371436973640e-02
4.943005231210768069e-01 5.056994768789231376e-01
4.835746422080994256e-01 5.164253577919004634e-01
9.497313251825281188e-01 5.026867481747192973e-02
5.355062059397771579e-01 4.644937940602228976e-01
5.025416273227426567e-01 4.974583726772573988e-01
8.548219368806420082e-02 9.145178063119357992e-01
5.072988816379122579e-01 4.927011183620877977e-01
6.265407592055260988e-01 3.734592407944739012e-01
4.782004514715068044e-01 5.217995485284931956e-01
4.989267054214100994e-01 5.010732945785898451e-01
5.071329097900004745e-01 4.928670902099994700e-01
9.365950501606788714e-02 9.063404949839322100e-01
5.060184807014956876e-01 4.939815192985044234e-01
9.629268160026958068e-01 3.707318399730428343e-02
4.902246605124651602e-01 5.097753394875348398e-01
5.064525821569222375e-01 4.935474178430777625e-01
4.868940612087754860e-01 5.131059387912244585e-01
4.830341350703356573e-01 5.169658649296643427e-01
4.828206742685288155e-01 5.171793257314711845e-01
7.393518798536121706e-01 2.606481201463878850e-01
4.687325981839042810e-01 5.312674018160957745e-01
5.021913526975795294e-01 4.978086473024204706e-01
1.654192454046724825e-01 8.345807545953275453e-01
9.501922149891429692e-01 4.980778501085689897e-02
4.184566098305413928e-01 5.815433901694586627e-01
4.961477621355894763e-01 5.038522378644105792e-01
4.962919970275291304e-01 5.037080029724707586e-01
5.014269840427701963e-01 4.985730159572299147e-01
1.769181770022666411e-01 8.230818229977333589e-01
4.277878707210654163e-02 9.572212129278935278e-01
9.223386773930828397e-01 7.766132260691718803e-02
4.863772649545659577e-01 5.136227350454339868e-01
6.360766894844829822e-02 9.363923310515516185e-01
4.867131055581676580e-01 5.132868944418323975e-01
4.948870610457652974e-01 5.051129389542345915e-01
4.967746085847552506e-01 5.032253914152448049e-01
5.031538073843420111e-01 4.968461926156578778e-01
6.095469521045001615e-01 3.904530478954998940e-01
5.994897208796358123e-01 4.005102791203641321e-01
4.508888178923194934e-01 5.491111821076805066e-01
4.967797196393356485e-01 5.032202803606643515e-01
9.569026160232583234e-01 4.309738397674165583e-02
4.954196448746271408e-01 5.045803551253729147e-01
5.042411662878877321e-01 4.957588337121122679e-01
5.017052812079826341e-01 4.982947187920174215e-01
4.536238246655914796e-01 5.463761753344086314e-01
4.757186972375467282e-01 5.242813027624532163e-01
5.068512497337829270e-01 4.931487502662170730e-01
3.598138526458240921e-02 9.640186147354175006e-01
4.851079656771898896e-01 5.148920343228101659e-01
5.044868426742665779e-01 4.955131573257333666e-01
8.297941243778123033e-01 1.702058756221876967e-01
5.077441405447479239e-01 4.922558594552520206e-01
4.741066488370757059e-01 5.258933511629242386e-01
4.849446122782329338e-01 5.150553877217670662e-01
5.405528869649723900e-01 4.594471130350274990e-01
9.677097877266670478e-01 3.229021227333292443e-02
4.611850703946346330e-01 5.388149296053652559e-01
9.102267094650866586e-01 8.977329053491335531e-02
7.944948098884158094e-01 2.055051901115841906e-01
8.700604415575791117e-02 9.129939558442420333e-01
9.645355814511825665e-01 3.546441854881753064e-02
4.848898925198064647e-01 5.151101074801935908e-01
5.020224195713750559e-01 4.979775804286249996e-01
4.944947452281784339e-01 5.055052547718216216e-01
4.887053820461259024e-01 5.112946179538739866e-01
5.106437706473296867e-01 4.893562293526704243e-01
4.450961848842058255e-01 5.549038151157941190e-01
4.694425808066715611e-01 5.305574191933284389e-01
4.930191724439819123e-01 5.069808275560180322e-01
5.505041494967681803e-01 4.494958505032318752e-01
5.251557519527243478e-01 4.748442480472757632e-01
9.480145836725665243e-01 5.198541632743348961e-02
4.983231691982111800e-01 5.016768308017888200e-01
4.698804897031640948e-01 5.301195102968359052e-01
6.086496774090965900e-01 3.913503225909034655e-01
4.675256366811107456e-01 5.324743633188893099e-01
8.575825954017136654e-01 1.424174045982862791e-01
4.846368152592236411e-01 5.153631847407763589e-01
5.896873737685653927e-01 4.103126262314345518e-01
3.248483885919897091e-02 9.675151611408009389e-01
5.726441731313031136e-01 4.273558268686968864e-01
4.564878843144508092e-01 5.435121156855492464e-01
4.635075335695680310e-01 5.364924664304319135e-01
5.119592357846505237e-01 4.880407642153493653e-01
2.211866617985717431e-01 7.788133382014283956e-01
5.275194565082471643e-01 4.724805434917527802e-01
9.445933485154847098e-01 5.540665148451535266e-02
9.132545041959381216e-01 8.674549580406186455e-02
4.834370879699871337e-01 5.165629120300128108e-01
5.172026628262916814e-01 4.827973371737083186e-01
5.001334601037034089e-01 4.998665398962965911e-01
5.023644426033051502e-01 4.976355573966949053e-01
6.248927898799084418e-02 9.375107210120090517e-01
9.592460593799800872e-01 4.075394062001986423e-02
4.926583768285289211e-01 5.073416231714710234e-01
4.823273801362973900e-01 5.176726198637026100e-01
4.675465516479513917e-01 5.324534483520485528e-01
4.955631733358895064e-01 5.044368266641104936e-01
4.926153335099316410e-01 5.073846664900683034e-01
4.234360312297968387e-01 5.765639687702032168e-01
4.767062692132792434e-01 5.232937307867208121e-01
9.071106889833215059e-02 9.092889311016678633e-01
4.907545694026203553e-01 5.092454305973797002e-01
4.677990798278820472e-01 5.322009201721179528e-01
5.027931609436087079e-01 4.972068390563912921e-01
4.888770253651860687e-01 5.111229746348139313e-01
4.834673225788657658e-02 9.516532677421133402e-01
4.335979428927484447e-01 5.664020571072515553e-01
8.225784699320831672e-02 9.177421530067917388e-01
5.029727580197403958e-01 4.970272419802596042e-01
4.734811435476150576e-01 5.265188564523849424e-01
5.020861172151791507e-01 4.979138827848209603e-01
4.715483505531019581e-01 5.284516494468980419e-01
9.394952931510340832e-01 6.050470684896584045e-02
4.889536896186382209e-01 5.110463103813617236e-01
9.647898127043382788e-01 3.521018729566171429e-02
4.980581077508699495e-01 5.019418922491301061e-01
4.842867176570515020e-01 5.157132823429484425e-01
4.647580271247870320e-01 5.352419728752130235e-01
4.935924610554962566e-01 5.064075389445037434e-01
4.807505118979157333e-01 5.192494881020842667e-01
5.516870609504120893e-01 4.483129390495878552e-01
4.796366034436871373e-01 5.203633965563129182e-01
4.934026660668095476e-01 5.065973339331905079e-01
4.505907190601550760e-01 5.494092809398449795e-01
4.003556595912179800e-02 9.599644340408782783e-01
4.871625282544842506e-01 5.128374717455158605e-01
1.466070929426250835e-01 8.533929070573750275e-01
5.031707118258055278e-01 4.968292881741944167e-01
6.889337104564291492e-02 9.311066289543570296e-01
4.926555508569842035e-01 5.073444491430157965e-01
3.980929366469372899e-01 6.019070633530627656e-01
8.932988618109422019e-01 1.067011381890576593e-01
2.709144546486652039e-01 7.290855453513347406e-01
4.930341767140186682e-01 5.069658232859812763e-01
5.121249758487096404e-01 4.878750241512904151e-01
7.369086334215850798e-01 2.630913665784149758e-01
9.412134421395227379e-01 5.878655786047729676e-02
4.973958940516622351e-01 5.026041059483377094e-01
9.096510449456294278e-01 9.034895505437057217e-02
8.797081726380918676e-01 1.202918273619081602e-01
4.281698576042093363e-01 5.718301423957906637e-01
8.567840961482319218e-01 1.432159038517681060e-01
4.956678860831572608e-01 5.043321139168427392e-01
5.285124911555031529e-02 9.471487508844497194e-01
5.055716647737338310e-01 4.944283352262660580e-01
4.998299489573210241e-01 5.001700510426789759e-01
4.836031423766122828e-01 5.163968576233878283e-01
4.815419205511983214e-01 5.184580794488016231e-01
5.103322646220872505e-01 4.896677353779127495e-01
2.554556058189947354e-01 7.445443941810053756e-01
4.998077162654929739e-01 5.001922837345070816e-01
4.966012183866825858e-01 5.033987816133174142e-01
9.301095156398454522e-01 6.989048436015457555e-02
4.438636881399902340e-02 9.556136311860008448e-01
9.484971995148678836e-01 5.150280048513211639e-02
4.863086630629515072e-01 5.136913369370484928e-01
5.021807253729329013e-01 4.978192746270669877e-01
4.865328236278387841e-01 5.134671763721613269e-01
9.607010468713321760e-01 3.929895312866776153e-02
5.603695806602473212e-02 9.439630419339752887e-01
4.122945412443798641e-01 5.877054587556201914e-01
1.023262866136497307e-01 8.976737133863502693e-01
4.628169168792486410e-01 5.371830831207513590e-01
4.825339517134318301e-01 5.174660482865681699e-01
6.567558075907423687e-01 3.432441924092576313e-01
4.399068424475454514e-02 9.560093157552453924e-01
5.621537504811578018e-02 9.437846249518841990e-01
5.271438395287106893e-01 4.728561604712893662e-01
1.601872515974376576e-01 8.398127484025622591e-01
4.805671944752509805e-01 5.194328055247490195e-01
4.821733242952732090e-01 5.178266757047268465e-01
2.990523438218843644e-02 9.700947656178116052e-01
4.287866582016257588e-01 5.712133417983743522e-01
4.956327576094707310e-01 5.043672423905292135e-01
1.265233618499250479e-01 8.734766381500750354e-01
4.803478035970997206e-01 5.196521964029002794e-01
9.505449748115978315e-01 4.945502518840216161e-02
4.472738039398423127e-02 9.552726196060157271e-01
9.696519598518957839e-01 3.034804014810415715e-02
4.768413304535193409e-01 5.231586695464806036e-01
4.304407177417953756e-01 5.695592822582046244e-01
3.426883230164586847e-01 6.573116769835413153e-01
5.098773878356648304e-01 4.901226121643351696e-01
4.821340457185259720e-01 5.178659542814740835e-01
9.621065903853150969e-01 3.789340961468478514e-02
5.082835759505089923e-01 4.917164240494909522e-01
4.937658774902216052e-01 5.062341225097783948e-01
5.136809121459671168e-01 4.863190878540329387e-01
9.052376458821018712e-01 9.476235411789818430e-02
4.976790317039475608e-01 5.023209682960523281e-01
4.912857864950077591e-01 5.087142135049922409e-01
5.488748391747271249e-01 4.511251608252728751e-01
4.927278170822739223e-01 5.072721829177261332e-01
9.665254098007840522e-01 3.347459019921598250e-02
9.289291506425900735e-01 7.107084935740994036e-02
4.543480685832895771e-01 5.456519314167104229e-01
4.688103411696028511e-01 5.311896588303971489e-01
1.188766829046756374e-01 8.811233170953243210e-01
4.858742685628922309e-01 5.141257314371078246e-01
9.662736624607459746e-01 3.372633753925404626e-02
3.989606426128232131e-01 6.010393573871768425e-01
9.382075286406234005e-01 6.179247135937662033e-02
4.818506634588473059e-01 5.181493365411526941e-01
1.719476728362127893e-01 8.280523271637871829e-01
5.018433223367323448e-01 4.981566776632675442e-01
