6.682821796818553227e-03 9.933171782031815500e-01
9.974796833866269585e-01 2.520316613373120834e-03
5.533392961253441600e-01 4.466607038746558955e-01
2.062225908656604434e-01 7.937774091343396954e-01
9.973295380819294786e-01 2.670461918070571664e-03
2.442711653565701746e-03 9.975572883464343121e-01
1.914631044466041931e-02 9.808536895553394697e-01
9.975974990949568744e-01 2.402500905043236656e-03
3.127406824407474861e-01 6.872593175592525139e-01
1.313614312160816741e-02 9.868638568783917320e-01
9.877324058192779033e-01 1.226759418072219388e-02
3.061943585128349410e-01 6.938056414871650590e-01
1.333535143764946231e-02 9.866646485623505880e-01
1.322063153650485795e-02 9.867793684634952323e-01
5.195512098376255938e-01 4.804487901623744062e-01
8.580578305767303515e-01 1.419421694232697317e-01
1.834341212172003466e-01 8.165658787827996257e-01
1.069830786145163637e-02 9.893016921385483498e-01
5.269585658550290930e-01 4.730414341449710180e-01
4.381624182976840420e-01 5.618375817023159025e-01
3.785048815817750739e-02 9.621495118418225134e-01
9.974250559841828512e-01 2.574944015817131043e-03
4.674492259051319931e-01 5.325507740948680624e-01
9.975144476702842988e-01 2.485552329715728058e-03
9.972769042757502200e-01 2.723095724249854129e-03
4.123078489887860298e-01 5.876921510112139702e-01
9.975214384750114016e-01 2.478561524988639585e-03
5.355068304058854256e-01 4.644931695941144634e-01
8.070592865921084533e-03 9.919294071340788443e-01
1.015551421566287527e-01 8.984448578433711363e-01
9.676615648395685623e-03 9.903233843516043855e-01
1.288301135283937034e-02 9.871169886471606869e-01
1.041283245246970787e-02 9.895871675475303997e-01
9.713902657521914508e-01 2.860973424780843474e-02
9.975167067727804815e-01 2.483293227219587462e-03
1.058785893281534579e-01 8.941214106718464727e-01
9.691770510295010244e-01 3.082294897049907278e-02
1.198506923059124568e-01 8.801493076940875016e-01
9.972884880939438812e-01 2.711511906056148728e-03
1.395359361755321714e-01 8.604640638244679396e-01
6.663670208482519453e-01 3.336329791517480547e-01
9.974211206107752581e-01 2.578879389224759695e-03
5.633317811366579386e-01 4.366682188633420614e-01
9.972368590468078109e-01 2.763140953192187374e-03
3.451165222530712673e-01 6.548834777469287882e-01
9.866014726192082751e-01 1.339852738079177694e-02
9.977034376508850944e-01 2.296562349114950746e-03
3.361182721109064464e-01 6.638817278890934981e-01
4.356140167314009881e-01 5.643859832685990119e-01
5.737224242031359056e-01 4.262775757968640944e-01
9.975965874949664913e-01 2.403412505033433646e-03
2.388778456265052696e-01 7.611221543734947304e-01
2.185864619922647453e-02 9.781413538007736053e-01
1.003880723981800602e-02 9.899611927601819072e-01
9.913613914190290144e-01 8.638608580970890197e-03
5.215370528194401833e-01 4.784629471805597611e-01
4.850579065896325481e-01 5.149420934103674519e-01
5.115224015970497584e-01 4.884775984029502971e-01
9.973881494448009200e-01 2.611850555199018466e-03
9.974627033200091919e-01 2.537296679990779479e-03
1.086708636173276156e-02 9.891329136382672749e-01
4.538006453100977278e-01 5.461993546899023277e-01
2.772579137964791829e-01 7.227420862035208726e-01
9.974849438790194256e-01 2.515056120980485935e-03
9.968492125825133554e-01 3.150787417486634184e-03
3.716903188492720056e-01 6.283096811507279389e-01
5.688784574048064702e-01 4.311215425951935853e-01
7.755857721160864804e-01 2.244142278839134363e-01
9.975199989967894476e-01 2.480001003210595325e-03
9.523007481089579632e-03 9.904769925189105262e-01
1.001449661871578189e-01 8.998550338128421533e-01
4.845122956481659471e-01 5.154877043518341084e-01
7.480168710814993904e-01 2.519831289185005541e-01
5.937199601602244359e-01 4.062800398397756196e-01
6.220868906031128652e-03 9.937791310939687595e-01
5.494360471287499381e-01 4.505639528712500064e-01
3.462659146144023703e-01 6.537340853855977407e-01
9.969834411849657352e-01 3.016558815034331605e-03
5.223796597873242575e-01 4.776203402126757425e-01
4.523686567744226728e-01 5.476313432255773828e-01
9.975871205075221848e-01 2.412879492477777027e-03
7.466732065950051345e-01 2.533267934049949210e-01
3.657008446053958695e-01 6.342991553946041305e-01
6.588064612929017683e-01 3.411935387070982317e-01
5.225291974194602451e-01 4.774708025805398104e-01
6.954286679041760122e-01 3.045713320958240433e-01
7.996758222164129792e-01 2.003241777835869375e-01
9.974770940684807297e-01 2.522905931519277712e-03
8.461960884181537468e-01 1.538039115818461977e-01
9.150981948236439761e-03 9.908490180517636192e-01
9.973561697428134920e-01 2.643830257186377021e-03
7.566094160142845526e-01 2.433905839857154474e-01
3.123239171250092108e-02 9.687676082874989714e-01
2.881719222621377807e-01 7.118280777378621638e-01
9.746382212722868310e-01 2.536177872771314123e-02
8.144756565022762476e-03 9.918552434349773295e-01
6.578728167248115710e-01 3.421271832751883180e-01
9.973979431088972891e-01 2.602056891102754680e-03
1.548497547438356381e-01 8.451502452561644452e-01
9.974201249682737025e-01 2.579875031726393351e-03
9.973810825957905024e-01 2.618917404209409553e-03
1.040316678996011310e-02 9.895968332100399945e-01
6.836645792264590682e-01 3.163354207735409318e-01
9.783246455574646783e-01 2.167535444253539459e-02
9.970067451531375857e-01 2.993254846862407337e-03
1.662206239576043132e-01 8.337793760423957146e-01
1.134501407722313393e-01 8.865498592277686329e-01
5.012958665302067462e-01 4.987041334697932538e-01
5.124940263932302731e-01 4.875059736067697824e-01
8.577492013610692467e-01 1.422507986389307810e-01
4.715482400948146080e-01 5.284517599051854475e-01
9.971984992562715755e-01 2.801500743728463534e-03
8.219192476052170626e-01 1.780807523947830762e-01
5.432297734485064256e-01 4.567702265514935189e-01
8.506368938234445259e-03 9.914936310617654680e-01
8.110326608203027171e-03 9.918896733917969000e-01
6.620563432481044348e-03 9.933794365675190363e-01
9.337166588385684141e-02 9.066283341161431863e-01
1.365442405107093748e-02 9.863455759489291319e-01
9.764375510799208069e-01 2.356244892007923475e-02
9.975399673042742998e-01 2.460032695725743526e-03
4.464832589264163820e-01 5.535167410735836180e-01
1.043060861405969639e-02 9.895693913859402446e-01
3.413877185434720518e-01 6.586122814565280592e-01
3.626454153440519801e-01 6.373545846559480754e-01
4.441525555710516548e-01 5.558474444289484007e-01
9.975301013453670151e-01 2.469898654633027792e-03
9.867240614913327934e-03 9.901327593850866027e-01
9.974949322922754824e-01 2.505067707724565728e-03
3.046797375727442470e-01 6.953202624272557530e-01
5.541212214131194802e-01 4.458787785868805753e-01
3.907853458574485871e-03 9.960921465414255271e-01
9.476691073327290216e-01 5.233089266727106170e-02
1.151333988558730752e-02 9.884866601144125520e-01
9.975806920683695234e-01 2.419307931630412020e-03
1.001262823203685932e-02 9.899873717679632534e-01
9.973768379998070310e-01 2.623162000192836261e-03
9.126711941214780618e-03 9.908732880587852732e-01
5.381208402350965425e-01 4.618791597649034020e-01
7.184644601262273333e-01 2.815355398737726111e-01
6.707375793596607495e-03 9.932926242064034072e-01
8.235819934309712709e-01 1.764180065690287291e-01
3.799392147642237649e-01 6.200607852357762351e-01
9.975862971714032357e-01 2.413702828596886191e-03
5.443929203013451179e-01 4.556070796986549376e-01
9.976845668383401700e-01 2.315433161659827873e-03
7.394471122707302335e-03 9.926055288772926977e-01
5.157924683116485998e-01 4.842075316883513447e-01
7.696303876276343846e-03 9.923036961237235998e-01
6.232150523474240256e-01 3.767849476525759744e-01
9.974474007005800225e-01 2.552599299420023077e-03
9.974432515304073599e-01 2.556748469592526069e-03
1.787665154390392572e-02 9.821233484560959459e-01
6.746407657105265576e-01 3.253592342894734424e-01
9.975199122875365587e-01 2.480087712463480316e-03
5.103481016111757196e-01 4.896518983888242804e-01
6.312463820694078631e-01 3.687536179305920814e-01
9.975840753221842938e-01 2.415924677815630296e-03
9.972523743821215536e-01 2.747625617878552643e-03
9.971140677394378926e-01 2.885932260562130373e-03
9.972873443455394504e-01 2.712655654460451558e-03
8.714671852205888580e-01 1.285328147794111975e-01
9.975575422866136410e-01 2.442457713386325148e-03
1.118866076974855614e-02 9.888113392302513294e-01
7.814552734137319295e-03 9.921854472658625523e-01
8.397855442939458070e-01 1.602144557060541652e-01
1.488301235701295321e-02 9.851169876429871630e-01
2.999090492285911083e-03 9.970009095077140282e-01
9.974830347254296514e-01 2.516965274570395414e-03
7.055278917691143459e-03 9.929447210823088010e-01
1.263266403073240278e-02 9.873673359692676232e-01
9.974277556165569436e-01 2.572244383442983100e-03
1.263790110691697527e-02 9.873620988930830178e-01
3.836761941940988185e-01 6.163238058059011815e-01
8.071626097075981082e-03 9.919283739029239877e-01
6.246680441522289851e-01 3.753319558477711260e-01
5.512917483388904971e-01 4.487082516611095584e-01
8.770962510876377863e-03 9.912290374891237210e-01
9.953947925626167592e-01 4.605207437383193082e-03
9.894028478875284138e-01 1.059715211247167811e-02
9.301126677925469766e-01 6.988733220745291241e-02
5.105762675194899236e-01 4.894237324805099654e-01
9.975665416653962669e-01 2.433458334603681890e-03
6.794129525754519783e-01 3.205870474245480772e-01
1.780567925095917770e-01 8.219432074904082786e-01
4.815674196594625367e-01 5.184325803405375188e-01
9.974010481563130304e-01 2.598951843686907615e-03
6.556400331451034402e-01 3.443599668548965598e-01
5.691400769160660789e-02 9.430859923083932950e-01
9.976362755891854395e-01 2.363724410814504583e-03
9.975325414896203391e-01 2.467458510379763690e-03
9.924585579081658393e-01 7.541442091834232690e-03
5.377677826191075150e-01 4.622322173808924295e-01
4.787651498595797972e-01 5.212348501404202583e-01
6.262735950481918001e-01 3.737264049518082554e-01
6.044751742685807935e-03 9.939552482573141834e-01
5.370827743393360443e-01 4.629172256606640112e-01
9.963719366621157647e-01 3.628063337884232693e-03
9.975409203192363572e-01 2.459079680763686174e-03
3.767718141729522463e-01 6.232281858270477537e-01
2.344076713360263298e-01 7.655923286639736425e-01
4.752281336785249555e-01 5.247718663214751000e-01
6.815345182937393442e-01 3.184654817062607113e-01
6.107033740344208761e-01 3.892966259655791239e-01
3.486497964931488114e-01 6.513502035068512441e-01
9.636636164918964687e-01 3.633638350810349665e-02
9.974133062477217315e-01 2.586693752278226843e-03
7.649318071370371508e-02 9.235068192862962988e-01
6.615496925617392332e-01 3.384503074382607113e-01
5.562986398317831122e-02 9.443701360168216263e-01
2.819964374910736704e-01 7.180035625089263851e-01
9.973668964700462825e-01 2.633103529953629510e-03
1.257358884268501842e-01 8.742641115731497603e-01
4.460664580599934537e-01 5.539335419400065463e-01
6.241002546328138223e-01 3.758997453671861777e-01
5.854596808293710541e-01 4.145403191706288903e-01
1.333590800544110985e-02 9.866640919945589561e-01
6.567138688622669029e-01 3.432861311377331526e-01
9.901563903888094265e-01 9.843609611190459047e-03
2.187930690016350876e-01 7.812069309983649124e-01
9.975728008132230817e-01 2.427199186776792059e-03
7.227559959995479844e-01 2.772440040004521267e-01
1.740768611017543682e-02 9.825923138898247089e-01
9.974052687744133783e-01 2.594731225586613486e-03
9.667807838333576653e-03 9.903321921616663470e-01
9.596400086879473823e-03 9.904035999131205470e-01
4.903656616424715287e-01 5.096343383575284713e-01
9.974679326374937816e-01 2.532067362506139948e-03
1.075474985503299535e-01 8.924525014496701436e-01
4.879644138636952122e-01 5.120355861363048433e-01
9.855679848415753730e-01 1.443201515842472069e-02
2.615628534493964763e-03 9.973843714655059589e-01
1.900624904770129020e-01 8.099375095229870425e-01
4.654325261507114564e-01 5.345674738492885991e-01
9.975178627269816189e-01 2.482137273018277836e-03
1.429073351351088476e-02 9.857092664864892662e-01
4.934997900238146662e-01 5.065002099761852783e-01
8.874363270653667576e-03 9.911256367293463931e-01
1.739185670193757471e-02 9.826081432980624530e-01
9.976118856835548554e-01 2.388114316445197945e-03
1.010869344142627246e-02 9.898913065585737137e-01
9.976366934367473238e-01 2.363306563252653199e-03
9.975456360830197156e-01 2.454363916980393297e-03
2.662901541348301759e-03 9.973370984586517052e-01
4.507053358762092565e-01 5.492946641237906880e-01
9.973709584514951487e-01 2.629041548504853013e-03
9.927405927292569654e-01 7.259407270743072765e-03
5.207202774043914184e-01 4.792797225956085816e-01
1.202304073089211917e-01 8.797695926910789055e-01
9.974680784558027646e-01 2.531921544197162071e-03
1.062954343400302794e-02 9.893704565659968697e-01
1.164025065762998648e-02 9.883597493423700309e-01
9.973461726786079229e-01 2.653827321392079278e-03
2.412751681527255943e-03 9.975872483184727857e-01
5.109591010773134601e-01 4.890408989226864844e-01
9.964251319575385679e-01 3.574868042461436853e-03
9.974984271590393581e-01 2.501572840960538703e-03
1.048654943739013301e-01 8.951345056260986421e-01
6.334668991589770259e-01 3.665331008410229741e-01
9.974017947175841670e-01 2.598205282415898959e-03
2.703198430954996123e-01 7.296801569045003877e-01
9.974948824581771900e-01 2.505117541822754479e-03
1.211784490502388831e-02 9.878821550949760111e-01
7.596979663603389277e-01 2.403020336396610723e-01
5.036764409430517508e-01 4.963235590569482492e-01
9.975614162717347799e-01 2.438583728265241325e-03
3.888171416104218570e-01 6.111828583895780875e-01
7.300108496669038827e-01 2.699891503330961173e-01
3.962322314998793504e-01 6.037677685001205941e-01
9.975160932918597512e-01 2.483906708140133038e-03
8.607842517688779962e-03 9.913921574823112426e-01
8.905635209606774794e-01 1.094364790393225623e-01
9.973253351174973247e-01 2.674664882502674011e-03
6.635071084465065105e-01 3.364928915534935450e-01
9.916631788247978196e-01 8.336821175202235867e-03
5.972604335514867246e-01 4.027395664485131643e-01
1.012451084611317234e-02 9.898754891538867895e-01
2.043823615055508636e-01 7.956176384944492197e-01
9.974490563789226716e-01 2.550943621077445076e-03
6.656210015271338959e-03 9.933437899847286090e-01
2.865335400675211863e-01 7.134664599324787027e-01
1.812939264319619534e-02 9.818706073568038706e-01
9.974437781995374452e-01 2.556221800462572975e-03
4.725620929090926237e-01 5.274379070909074319e-01
1.031348067388694334e-01 8.968651932611305666e-01
2.505125430172190915e-01 7.494874569827808530e-01
4.846995949143655946e-01 5.153004050856344609e-01
9.642681800235300971e-01 3.573181997646990987e-02
9.976106289288548812e-01 2.389371071145056803e-03
1.015539225903504782e-02 9.898446077409650545e-01
5.896077775205482707e-01 4.103922224794517293e-01
6.053134677031144495e-01 3.946865322968855505e-01
5.115119873753671831e-01 4.884880126246327614e-01
2.764884687418110720e-02 9.723511531258188789e-01
3.067537717441483069e-01 6.932462282558518041e-01
9.974861954885193560e-01 2.513804511480663070e-03
9.974345030238741527e-01 2.565496976125777439e-03
2.421564170473017308e-01 7.578435829526982692e-01
1.040851507648589934e-02 9.895914849235141197e-01
9.975153388571333934e-01 2.484661142866634309e-03
9.796739749287608490e-01 2.032602507123907817e-02
9.973403514633122358e-01 2.659648536687841871e-03
2.440004981656694258e-02 9.755999501834330401e-01
8.090645453058277203e-01 1.909354546941722519e-01
6.439786506664979537e-01 3.560213493335020463e-01
9.973093342054438759e-01 2.690665794556218200e-03
4.502644826551476798e-01 5.497355173448522647e-01
2.003052391887432185e-02 9.799694760811256122e-01
4.294518276597449891e-01 5.705481723402550109e-01
9.931284146823811110e-01 6.871585317618973156e-03
6.218129955564527522e-01 3.781870044435472478e-01
9.973540222242636144e-01 2.645977775736374753e-03
9.975533038952826281e-01 2.446696104717475083e-03
1.026264547927018510e-02 9.897373545207298617e-01
9.975940113602976833e-01 2.405988639702309317e-03
4.491906711776544325e-01 5.508093288223455675e-01
1.461997750721218473e-02 9.853800224927878881e-01
5.757386034017084597e-01 4.242613965982914848e-01
3.640095047597977085e-01 6.359904952402023470e-01
1.585664145332568720e-01 8.414335854667430725e-01
2.796307073504465945e-01 7.203692926495534055e-01
2.420650064994935100e-03 9.975793499350051885e-01
9.918704678023775312e-01 8.129532197622463610e-03
7.129676025521057836e-01 2.870323974478941609e-01
4.501996026843340104e-01 5.498003973156659896e-01
5.889506389612787496e-01 4.110493610387211394e-01
5.718432775443816896e-01 4.281567224556183660e-01
9.962805203773045237e-01 3.719479622695496656e-03
2.297843858039341769e-01 7.702156141960658786e-01
2.319844110082367461e-01 7.680155889917633649e-01
2.544296565618026085e-02 9.745570343438197947e-01
5.891180270821391174e-01 4.108819729178608271e-01
2.658470914140711929e-03 9.973415290858593796e-01
9.975305682048287714e-01 2.469431795171115381e-03
7.246420619770690408e-01 2.753579380229310147e-01
9.974802920009507856e-01 2.519707999049098594e-03
6.487982344136373758e-01 3.512017655863626797e-01
1.226547616605147412e-01 8.773452383394851894e-01
5.385096638008782799e-01 4.614903361991217756e-01
9.360048544628098849e-03 9.906399514553718699e-01
5.146190967489050472e-01 4.853809032510949528e-01
4.367121358090458871e-01 5.632878641909541129e-01
5.740088264523312001e-01 4.259911735476687444e-01
9.973270363153150520e-01 2.672963684685004428e-03
4.667800845440362445e-01 5.332199154559638110e-01
1.162061246797003143e-02 9.883793875320300293e-01
5.469276946796501893e-01 4.530723053203498107e-01
5.645594608150789062e-01 4.354405391849210938e-01
9.839833386614469379e-01 1.601666133855300309e-02
1.080705592974066064e-02 9.891929440702593723e-01
9.966957817451492785e-01 3.304218254850661233e-03
1.962346751891187388e-02 9.803765324810881365e-01
8.971251466979288103e-03 9.910287485330208090e-01
5.138496013499856963e-01 4.861503986500141927e-01
9.975892086532763825e-01 2.410791346723629210e-03
9.893653430615340083e-01 1.063465693846595700e-02
8.163352591583681317e-01 1.836647408416319516e-01
7.496382672607742048e-01 2.503617327392257952e-01
9.975233197579326250e-01 2.476680242067268341e-03
2.502102065216738058e-01 7.497897934783261942e-01
9.974017831909828269e-01 2.598216809017172679e-03
5.895725074990467718e-01 4.104274925009532282e-01
1.343098724314103175e-02 9.865690127568590428e-01
8.238858689904074786e-03 9.917611413100958506e-01
9.973383211211396260e-01 2.661678878860243048e-03
2.361866479471962793e-02 9.763813352052803651e-01
7.589040147874007713e-01 2.410959852125991454e-01
6.323600763037336980e-01 3.676399236962663575e-01
2.062674954662349625e-02 9.793732504533765315e-01
6.322901193503625006e-01 3.677098806496374994e-01
4.984724216321706480e-01 5.015275783678293520e-01
3.443407028147489890e-01 6.556592971852509555e-01
3.986286589316267448e-01 6.013713410683731997e-01
6.419617633019831793e-01 3.580382366980168762e-01
7.873288797698675401e-01 2.126711202301324877e-01
2.592172315183913778e-01 7.407827684816086222e-01
7.961140361254146619e-03 9.920388596387458291e-01
1.781154500754118242e-01 8.218845499245882591e-01
5.143287375219709467e-01 4.856712624780289977e-01
9.004024804996353382e-01 9.959751950036474510e-02
9.562441669060580685e-01 4.375583309394204257e-02
1.584967870770554246e-02 9.841503212922944055e-01
7.521097119139551479e-01 2.478902880860448521e-01
5.651339305961053938e-01 4.348660694038946062e-01
5.105420189628715466e-01 4.894579810371285089e-01
3.373259461711703433e-01 6.626740538288296012e-01
4.036227766708143094e-01 5.963772233291857461e-01
7.997346206664790458e-01 2.002653793335210097e-01
1.020260965426384031e-01 8.979739034573617218e-01
2.530564188594020547e-01 7.469435811405980008e-01
9.668291194873509520e-01 3.317088051264912435e-02
8.582729907281138049e-01 1.417270092718861951e-01
9.973707988575790662e-01 2.629201142421049627e-03
9.722038140998739975e-01 2.779618590012593315e-02
6.298393176947864047e-01 3.701606823052135398e-01
7.633040179360528477e-01 2.366959820639471801e-01
1.931092604051269299e-02 9.806890739594874562e-01
4.820063682692575791e-01 5.179936317307423099e-01
9.973548401640928152e-01 2.645159835907167495e-03
4.957266821188744954e-01 5.042733178811255046e-01
6.330246956869186592e-01 3.669753043130813963e-01
9.082469421043101176e-01 9.175305789568984072e-02
4.255203397596725723e-01 5.744796602403273722e-01
9.390239197430434726e-03 9.906097608025694612e-01
9.975961896987884936e-01 2.403810301211619163e-03
5.336576686309610906e-01 4.663423313690389094e-01
9.932282372999843290e-01 6.771762700015663237e-03
7.593538887083939315e-01 2.406461112916061240e-01
1.153714908535902542e-02 9.884628509146409225e-01
9.973878448826339893e-01 2.612155117366006789e-03
9.133962062654116254e-01 8.660379373458829133e-02
1.178377323829419773e-02 9.882162267617057294e-01
1.918916015920961726e-01 8.081083984079038274e-01
5.465614319847651448e-01 4.534385680152348552e-01
5.158028871905777635e-01 4.841971128094223475e-01
4.241782651181529862e-01 5.758217348818470693e-01
9.888803754862138806e-01 1.111962451378617663e-02
7.373333560487423978e-03 9.926266664395124728e-01
9.974976760496596651e-01 2.502323950340321502e-03
1.176026204813251583e-02 9.882397379518673697e-01
1.686083016430530920e-02 9.831391698356946041e-01
3.938026064106352475e-01 6.061973935893647525e-01
4.727230881651078853e-01 5.272769118348921147e-01
5.335296196059590157e-01 4.664703803940409843e-01
9.975237683759743401e-01 2.476231624025723201e-03
1.498311410652610788e-02 9.850168858934739147e-01
7.795183688645539698e-03 9.922048163113544872e-01
6.422582304294669475e-01 3.577417695705331080e-01
1.337887586149427710e-02 9.866211241385056674e-01
9.974286565677901173e-01 2.571343432209874467e-03
1.064123221955681070e-02 9.893587677804430713e-01
6.529935665718460402e-01 3.470064334281539598e-01
5.222968560915121072e-01 4.777031439084878928e-01
1.815054831778690481e-01 8.184945168221309242e-01
7.158596198491009588e-01 2.841403801508990967e-01
9.973279493154895148e-01 2.672050684510538995e-03
9.789197372532111308e-01 2.108026274678893169e-02
9.870334109939891132e-01 1.296658900601082264e-02
7.668591005985788030e-03 9.923314089940142857e-01
7.648621086456055540e-01 2.351378913543943905e-01
4.010681316073732572e-01 5.989318683926266873e-01
4.976458036449709632e-01 5.023541963550289813e-01
8.143147336440724124e-03 9.918568526635592741e-01
7.753700817007056489e-01 2.246299182992944066e-01
6.324583161858063352e-02 9.367541683814193387e-01
9.933812865419868743e-01 6.618713458013104900e-03
6.009665821427810917e-01 3.990334178572188528e-01
9.975061904855800909e-01 2.493809514419928573e-03
1.430799537018847267e-01 8.569200462981152455e-01
9.494695947178069528e-02 9.050530405282192215e-01
1.294594102973049832e-02 9.870540589702695433e-01
8.100121248193216106e-01 1.899878751806783062e-01
4.789659412712571895e-01 5.210340587287427550e-01
9.974544048116966710e-01 2.545595188303404009e-03
2.508864474048142501e-01 7.491135525951857499e-01
1.128615128716588603e-02 9.887138487128341868e-01
8.940894094580781326e-01 1.059105905419219090e-01
3.470852234242506884e-01 6.529147765757493671e-01
4.887995834128870953e-01 5.112004165871130157e-01
5.467793854590862201e-01 4.532206145409137243e-01
9.974033219697467922e-01 2.596678030253284520e-03
9.934558561789811337e-01 6.544143821018856728e-03
2.376352555456367512e-03 9.976236474445435709e-01
3.334167759363494410e-01 6.665832240636505590e-01
9.915497006174403549e-03 9.900845029938255548e-01
3.784460425080310997e-01 6.215539574919688448e-01
9.976234440350287835e-01 2.376555964971137965e-03
3.564940751868723723e-01 6.435059248131276277e-01
9.974437921013681180e-03 9.900255620789862876e-01
5.967671661551771090e-02 9.403232833844823446e-01
8.135197814171650776e-01 1.864802185828348668e-01
6.779510122605745259e-01 3.220489877394254741e-01
1.383591475663655153e-02 9.861640852433635196e-01
6.251252131875489892e-01 3.748747868124508997e-01
2.425640733478907907e-02 9.757435926652108238e-01
2.164239103732941601e-03 9.978357608962671321e-01
2.727710398664374702e-01 7.272289601335624187e-01
3.478490162850891854e-02 9.652150983714909982e-01
9.836835761438924575e-01 1.631642385610755641e-02
8.654830368160445486e-01 1.345169631839553959e-01
9.972602075518847142e-01 2.739792448115339982e-03
9.976165440132211959e-01 2.383455986778929003e-03
9.071650427954551787e-01 9.283495720454487676e-02
4.710347874838450855e-01 5.289652125161549145e-01
9.975836801743473981e-01 2.416319825652536030e-03
1.226586325180784171e-01 8.773413674819215968e-01
9.971929562029100413e-01 2.807043797089905316e-03
9.866103889414674644e-01 1.338961105853252523e-02
5.181419249736018973e-01 4.818580750263981582e-01
1.703726381494465036e-02 9.829627361850553635e-01
9.376072814441910666e-03 9.906239271855580286e-01
1.902416578243825568e-02 9.809758342175618484e-01
1.561520226728280170e-02 9.843847977327171428e-01
9.210675056084778947e-03 9.907893249439153616e-01
9.976705360294361169e-01 2.329463970563893944e-03
2.667204968904405334e-03 9.973327950310955092e-01
9.974614909749653924e-01 2.538509025034524792e-03
9.976616609571512528e-01 2.338339042848794434e-03
1.146632868707451458e-01 8.853367131292547709e-01
9.975851711121754839e-01 2.414828887824624955e-03
9.960020638032252016e-01 3.997936196774846095e-03
4.542284427560740467e-01 5.457715572439258978e-01
5.100140036588518555e-01 4.899859963411482555e-01
9.974706513620873460e-01 2.529348637912693428e-03
2.342289461564203146e-01 7.657710538435796854e-01
1.020888472283570589e-02 9.897911152771643462e-01
1.222205920176734351e-01 8.777794079823266760e-01
8.873120685752141634e-01 1.126879314247857672e-01
5.685996666071366779e-01 4.314003333928633221e-01
3.572929176589322020e-02 9.642707082341067659e-01
7.906042756073629330e-03 9.920939572439264609e-01
9.970752654456072062e-01 2.924734554392724450e-03
8.278156646523023854e-01 1.721843353476976701e-01
1.731492641228607465e-02 9.826850735877138421e-01
8.317026443047454559e-03 9.916829735569525628e-01
9.859589227609621975e-01 1.404107723903784757e-02
4.732753316611237882e-01 5.267246683388762118e-01
8.275757278845745357e-02 9.172424272115424770e-01
9.976449521298502709e-01 2.355047870149788898e-03
2.414779485367103858e-03 9.975852205146329421e-01
1.309994692171920563e-02 9.869000530782807701e-01
3.870699967544249942e-01 6.129300032455750058e-01
9.212831291975186535e-03 9.907871687080247458e-01
9.617199105336856624e-01 3.828008946631436538e-02
2.184542930443370695e-02 9.781545706955662167e-01
9.974280652733317210e-01 2.571934726668387468e-03
4.960220146901490601e-01 5.039779853098509399e-01
9.976420616960339771e-01 2.357938303966058014e-03
2.300973715407933773e-01 7.699026284592065394e-01
8.120182519472315952e-03 9.918798174805276702e-01
9.974431579684757132e-01 2.556842031524322358e-03
5.556193119683564552e-01 4.443806880316436003e-01
9.692158238458926656e-01 3.078417615410724423e-02
7.664134773724458061e-01 2.335865226275542217e-01
9.975721911473709458e-01 2.427808852629060286e-03
8.179578678438012215e-03 9.918204213215621179e-01
4.748160239044440512e-01 5.251839760955558933e-01
9.972064619249800810e-01 2.793538075019903841e-03
5.219446810067951414e-01 4.780553189932047475e-01
8.257657699729876732e-01 1.742342300270122990e-01
4.142688169420184474e-01 5.857311830579816636e-01
4.893414245470432689e-01 5.106585754529567867e-01
7.670878524035573687e-01 2.329121475964427146e-01
1.159254074473102872e-02 9.884074592552689609e-01
5.856214597254084664e-01 4.143785402745914781e-01
4.854058127983090776e-01 5.145941872016909224e-01
5.674495554745675463e-01 4.325504445254325092e-01
6.237530252926395402e-01 3.762469747073604598e-01
2.223385686680492621e-02 9.777661431331950981e-01
6.732186135090772149e-03 9.932678138649092547e-01
6.293352528451818806e-01 3.706647471548180639e-01
9.095576875710192910e-03 9.909044231242898348e-01
9.951252590879524629e-01 4.874740912047518041e-03
3.455726818304365872e-02 9.654427318169562788e-01
2.362630691806786101e-02 9.763736930819321147e-01
9.974970433532892589e-01 2.502956646710774967e-03
4.392122899836122668e-02 9.560787710016387386e-01
2.824481991963286726e-02 9.717551800803670980e-01
9.976776443615398282e-01 2.322355638460202581e-03
9.975445601806471885e-01 2.455439819352934691e-03
5.454242211847784016e-01 4.545757788152215428e-01
7.951410618256100626e-01 2.048589381743898263e-01
7.682778649443109398e-01 2.317221350556889214e-01
9.975935579964110289e-01 2.406442003589040479e-03
6.880687100841201623e-03 9.931193128991588903e-01
7.091442611400103173e-03 9.929085573885999549e-01
9.740541465024780132e-01 2.594585349752194861e-02
4.666628942423020621e-01 5.333371057576978824e-01
1.591415402646447763e-01 8.408584597353552237e-01
7.685165991570808153e-01 2.314834008429191292e-01
1.161570826090308275e-02 9.883842917390968097e-01
1.336626935688164930e-02 9.866337306431184340e-01
9.727118424339146197e-01 2.728815756608550525e-02
4.034369483167671855e-01 5.965630516832327590e-01
1.436776599722034038e-02 9.856322340027797724e-01
6.909117109487570262e-03 9.930908828905125052e-01
5.633968115504650598e-01 4.366031884495349402e-01
5.032717832530474444e-01 4.967282167469525000e-01
5.443367601124329269e-01 4.556632398875670176e-01
1.065550686027994486e-02 9.893444931397200603e-01
9.912452128165659682e-01 8.754787183433986736e-03
9.975687811911108094e-01 2.431218808889316820e-03
7.988869905575964880e-01 2.011130094424035952e-01
8.427249758593947579e-03 9.915727502414060091e-01
1.355012186091495430e-01 8.644987813908505681e-01
6.429739536965618507e-01 3.570260463034382603e-01
6.720669597864192477e-03 9.932793304021357850e-01
2.023113307299561348e-01 7.976886692700438930e-01
9.976501610573470513e-01 2.349838942652981207e-03
2.653786264291806748e-03 9.973462137357081980e-01
9.975012055525528387e-01 2.498794447447296591e-03
9.878989384452304678e-01 1.210106155476953563e-02
9.974280732999539767e-01 2.571926700046040654e-03
9.976461533741047827e-01 2.353846625895186090e-03
1.330019822451216846e-02 9.866998017754877726e-01
9.964932954661827047e-01 3.506704533817203359e-03
4.615049279021619655e-01 5.384950720978379790e-01
9.935617965220209236e-01 6.438203477979012254e-03
4.438049265938724952e-01 5.561950734061275048e-01
4.641138177833658007e-01 5.358861822166341993e-01
1.983656961363064464e-02 9.801634303863694386e-01
5.430919679567975944e-01 4.569080320432024611e-01
1.270512383345505196e-02 9.872948761665449879e-01
1.581428517711427548e-02 9.841857148228856378e-01
9.974087589165524514e-01 2.591241083447577177e-03
2.289202603460646201e-03 9.977107973965392285e-01
5.139932053803512035e-01 4.860067946196488520e-01
1.974548927451400329e-02 9.802545107254859724e-01
9.414484810251172453e-01 5.855151897488267837e-02
1.890934366935250605e-02 9.810906563306474037e-01
1.407063833232785610e-02 9.859293616676721994e-01
4.308466226095111207e-01 5.691533773904888793e-01
3.352446016734558776e-01 6.647553983265440669e-01
9.975614321569121756e-01 2.438567843087805723e-03
5.119677954505801321e-01 4.880322045494198679e-01
2.674655195675511021e-01 7.325344804324488424e-01
9.347538808862616497e-03 9.906524611911374789e-01
2.586035330822046216e-02 9.741396466917795482e-01
9.326936208715866927e-01 6.730637912841315462e-02
1.101908915804977220e-02 9.889809108419501671e-01
7.221401086915099077e-01 2.778598913084900923e-01
1.355730449990140245e-02 9.864426955000986652e-01
2.476183915101160503e-03 9.975238160848989288e-01
8.545867839316654765e-03 9.914541321606834545e-01
9.974432728637968593e-01 2.556727136203233112e-03
7.752935474848772213e-01 2.247064525151228898e-01
1.028537198661668914e-02 9.897146280133832796e-01
9.975911759457052330e-01 2.408824054294718842e-03
9.975124698983175442e-01 2.487530101682413307e-03
1.120029162608916252e-02 9.887997083739108461e-01
5.317567874020489027e-01 4.682432125979510418e-01
9.972466207061728705e-01 2.753379293827137777e-03
7.167856316897934787e-01 2.832143683102065768e-01
5.340341490395207613e-02 9.465965850960479377e-01
9.972779863602105888e-01 2.722013639789363972e-03
7.774790379639849869e-01 2.225209620360150409e-01
5.882562283057204411e-01 4.117437716942796144e-01
5.064057653349643973e-01 4.935942346650356027e-01
5.818878014576611170e-03 9.941811219854234105e-01
9.976594629545076920e-01 2.340537045492403854e-03
9.962618937183163048e-01 3.738106281683808377e-03
9.609181534274794378e-01 3.908184657252070093e-02
1.482741841448624587e-02 9.851725815855137958e-01
9.560587375752268580e-01 4.394126242477301020e-02
9.852203942517890889e-01 1.477960574821089376e-02
4.533469851866699096e-02 9.546653014813329952e-01
7.359601753517970302e-01 2.640398246482029143e-01
3.195239762416927087e-01 6.804760237583072913e-01
7.557996821734364566e-03 9.924420031782655860e-01
1.087180031195844089e-02 9.891281996880414429e-01
9.973826423648317618e-01 2.617357635168280662e-03
9.975427154826476128e-01 2.457284517352331232e-03
9.969995720460860245e-01 3.000427953913845005e-03
7.604152845801941812e-03 9.923958471541981519e-01
1.407813871313142590e-02 9.859218612868685394e-01
6.451051270464164267e-03 9.935489487295359190e-01
6.942825349482485420e-01 3.057174650517514580e-01
1.714999392280318335e-02 9.828500060771969693e-01
9.317911800757550100e-01 6.820881992424496221e-02
1.306937114833141567e-01 8.693062885166857878e-01
5.080449016189474420e-01 4.919550983810525024e-01
4.466434434270335485e-01 5.533565565729665625e-01
3.683247114892142515e-01 6.316752885107856930e-01
9.847274558765860553e-01 1.527254412341402107e-02
9.736774115853391240e-03 9.902632258841465029e-01
9.975034997683739357e-01 2.496500231626008325e-03
4.884426650361984312e-01 5.115573349638016243e-01
9.972784691820563152e-01 2.721530817943744636e-03
9.973846618977155742e-01 2.615338102284478668e-03
5.172098599685099884e-01 4.827901400314901226e-01
6.301646309117333589e-01 3.698353690882665856e-01
1.816240144766367859e-02 9.818375985523363214e-01
9.974313055727191957e-01 2.568694427280707616e-03
1.489689298095213214e-02 9.851031070190479078e-01
1.305563610151794403e-02 9.869443638984820577e-01
7.432585250445742364e-01 2.567414749554257636e-01
3.453830957100400556e-01 6.546169042899598889e-01
9.973187423723642864e-01 2.681257627635608674e-03
9.975014013234806409e-01 2.498598676519466193e-03
2.612753039777433728e-02 9.738724696022257321e-01
1.323775761190095282e-02 9.867622423880991755e-01
9.975498643665374754e-01 2.450135633462420526e-03
9.075213042734644464e-01 9.247869572653549808e-02
9.976259781926896109e-01 2.374021807310437281e-03
2.426925864839445460e-02 9.757307413516056460e-01
9.974643349599319198e-01 2.535665040068089786e-03
9.917840055625168905e-01 8.215994437483198007e-03
2.600426743509834729e-03 9.973995732564902017e-01
7.725501945439973150e-01 2.274498054560026572e-01
4.522506182142393416e-01 5.477493817857606029e-01
5.442477326390448011e-01 4.557522673609551989e-01
9.974845511613316118e-01 2.515448838668458021e-03
5.213204278472564068e-01 4.786795721527434821e-01
1.469742670753277081e-01 8.530257329246724307e-01
4.276869953356878251e-01 5.723130046643122304e-01
8.396642533592239138e-03 9.916033574664078198e-01
5.635291364386794122e-01 4.364708635613205878e-01
9.975767468223690759e-01 2.423253177630955296e-03
5.176401354142493583e-01 4.823598645857506417e-01
5.172208088561840444e-01 4.827791911438159000e-01
6.599891125144932147e-01 3.400108874855067298e-01
9.963562377065314779e-01 3.643762293468440997e-03
8.722544576794561966e-01 1.277455423205438034e-01
9.974666427820436665e-01 2.533357217956226388e-03
6.519282963396693109e-01 3.480717036603307446e-01
2.481997515193899995e-01 7.518002484806100005e-01
9.961799441847293268e-01 3.820055815270711336e-03
9.970211873613696874e-01 2.978812638630342138e-03
5.441551708419456457e-01 4.558448291580543543e-01
3.024786827605279727e-01 6.975213172394719718e-01
9.975572952172494512e-01 2.442704782750471613e-03
6.377891638287942477e-01 3.622108361712056968e-01
9.422758006853821922e-01 5.772419931461776621e-02
9.451259126675395916e-03 9.905487408733245625e-01
9.967040777911748695e-01 3.295922208825016048e-03
9.974062087793901243e-01 2.593791220609932037e-03
5.855171944413086749e-01 4.144828055586913251e-01
7.973444979319838088e-01 2.026555020680161634e-01
9.974171282502167779e-01 2.582871749783212118e-03
2.261925945768252511e-01 7.738074054231746102e-01
1.057416376434048150e-01 8.942583623565952822e-01
4.859222971928524593e-01 5.140777028071475963e-01
9.974697622281325504e-01 2.530237771867335089e-03
1.138337632320206849e-01 8.861662367679793428e-01
7.691836853906935945e-01 2.308163146093064333e-01
3.380795595948266619e-01 6.619204404051732826e-01
5.226750745946816545e-01 4.773249254053184010e-01
6.029669261569956529e-01 3.970330738430044581e-01
1.047782957726433456e-02 9.895221704227357140e-01
9.974261996565176869e-01 2.573800343482235929e-03
9.974883918662073023e-01 2.511608133792787422e-03
9.975744517595097616e-01 2.425548240490227152e-03
5.060004715245763895e-01 4.939995284754236660e-01
9.971722347367231176e-01 2.827765263276979957e-03
8.981681514701850624e-03 9.910183184852980887e-01
4.561991645090324177e-01 5.438008354909676934e-01
9.949628955416562892e-01 5.037104458343752422e-03
7.804974340532798704e-01 2.195025659467202128e-01
5.099937947244150699e-02 9.490006205275585138e-01
1.256260172362882836e-02 9.874373982763712254e-01
5.420868713815182316e-01 4.579131286184817129e-01
9.976784051963131228e-01 2.321594803686919273e-03
2.036782547456594261e-01 7.963217452543405184e-01
9.976672600985331263e-01 2.332739901466848557e-03
1.954027649776055309e-01 8.045972350223944414e-01
9.854349480046086240e-01 1.456505199539128749e-02
9.964628870653534642e-01 3.537112934646611216e-03
4.945191835513585987e-01 5.054808164486414013e-01
1.271241487166638144e-02 9.872875851283337001e-01
1.324041360500855490e-02 9.867595863949913948e-01
6.089305250799411651e-01 3.910694749200587794e-01
7.272584941394518721e-01 2.727415058605481835e-01
9.874291110680037953e-01 1.257088893199614574e-02
9.358209579689412069e-03 9.906417904203105307e-01
9.081391867298821419e-01 9.186081327011784425e-02
9.974251412763220914e-01 2.574858723677792352e-03
9.971868255290382566e-01 2.813174470961889162e-03
5.803644462083785704e-01 4.196355537916214296e-01
9.427380527357039908e-01 5.726194726429593290e-02
9.668112946703060970e-03 9.903318870532969997e-01
5.922842651022094396e-01 4.077157348977905604e-01
8.008129910432527920e-02 9.199187008956747347e-01
9.146203321776000261e-03 9.908537966782239303e-01
5.116235592360510731e-01 4.883764407639489824e-01
5.144920667643790857e-01 4.855079332356209698e-01
2.371304561183162074e-01 7.628695438816838204e-01
3.189478255632065551e-01 6.810521744367934449e-01
1.231973785112077113e-01 8.768026214887922887e-01
9.975310667180101731e-01 2.468933281989851587e-03
9.974462922326970959e-01 2.553707767302836398e-03
1.901295932328376376e-02 9.809870406767161599e-01
1.532648550693729156e-02 9.846735144930628403e-01
2.540619223922990864e-03 9.974593807760770980e-01
5.833941411518700493e-01 4.166058588481298952e-01
9.975587287905266498e-01 2.441271209473428686e-03
1.642482040703963087e-02 9.835751795929604802e-01
9.976610045586802311e-01 2.338995441319779295e-03
8.242896465127566019e-01 1.757103534872434814e-01
4.384116070174067237e-01 5.615883929825933318e-01
9.974888697360589918e-01 2.511130263940957071e-03
2.082431337962813503e-02 9.791756866203719101e-01
9.076698139150680689e-01 9.233018608493193113e-02
5.204845470052701373e-01 4.795154529947298072e-01
7.486484117871274879e-01 2.513515882128724566e-01
3.930051330649471097e-01 6.069948669350527792e-01
3.432070157753798912e-03 9.965679298422461807e-01
4.621282489156741113e-01 5.378717510843258331e-01
2.051484713449075459e-01 7.948515286550925651e-01
9.951943652191855838e-01 4.805634780814287826e-03
1.126878609353362121e-02 9.887312139064663441e-01
9.974216289260342538e-01 2.578371073965603048e-03
3.748680359170519782e-02 9.625131964082946912e-01
6.881473120235116758e-02 9.311852687976487353e-01
5.239005711758398798e-01 4.760994288241601757e-01
2.354740292059237603e-03 9.976452597079407125e-01
2.623290074647256775e-02 9.737670992535274461e-01
6.748032546031561552e-01 3.251967453968439559e-01
9.967938128384421503e-01 3.206187161557769432e-03
9.927782157983240374e-01 7.221784201676054518e-03
2.544666406929103376e-03 9.974553335930708142e-01
5.584848699059309640e-02 9.441515130094069175e-01
4.791516018142691347e-01 5.208483981857309209e-01
5.910889832045721493e-01 4.089110167954278507e-01
4.699811799637943488e-01 5.300188200362057067e-01
2.906943701716905859e-01 7.093056298283093586e-01
9.973399107281819553e-01 2.660089271818112753e-03
3.648192752487548485e-01 6.351807247512450960e-01
2.446026566226949459e-03 9.975539734337729447e-01
7.953457124045052451e-01 2.046542875954948382e-01
9.974873552369627472e-01 2.512644763037225493e-03
9.973973043476169753e-01 2.602695652382982193e-03
9.972227212566935339e-01 2.777278743306412726e-03
8.755817120071904824e-01 1.244182879928094898e-01
5.468310788897703389e-01 4.531689211102297721e-01
9.972609428626483252e-01 2.739057137351551176e-03
4.099439598585393751e-01 5.900560401414606249e-01
2.265812325278005468e-01 7.734187674721993977e-01
6.636687097300890924e-03 9.933633129026991915e-01
9.939670035213621357e-01 6.032996478637885074e-03
5.529151997754576664e-01 4.470848002245423336e-01
9.974362419392114321e-01 2.563758060788665083e-03
1.156197727816693673e-02 9.884380227218331205e-01
9.834659559884452174e-01 1.653404401155479653e-02
7.818797713950456085e-01 2.181202286049545302e-01
9.973555327004341997e-01 2.644467299565803758e-03
9.974372236802497849e-01 2.562776319750117125e-03
1.707715937630537723e-02 9.829228406236946158e-01
5.125604638923406120e-03 9.948743953610765800e-01
9.089936111221608162e-01 9.100638887783921160e-02
9.330418902649715435e-03 9.906695810973502603e-01
7.905342233897157955e-01 2.094657766102842600e-01
1.372574017892921189e-02 9.862742598210708644e-01
2.003486844505465991e-01 7.996513155494533454e-01
8.836612656748160655e-01 1.163387343251839207e-01
2.690171435099412145e-01 7.309828564900587855e-01
3.080127318832822092e-01 6.919872681167178463e-01
7.203934842091356261e-01 2.796065157908643739e-01
1.168445059056094984e-02 9.883155494094389981e-01
9.976860259285214028e-01 2.313974071478623259e-03
9.977562745937761379e-01 2.243725406223754954e-03
4.242193035434621562e-01 5.757806964565378438e-01
9.976215290037421246e-01 2.378470996257981643e-03
3.164545660337945709e-01 6.835454339662054846e-01
9.974633494582277882e-01 2.536650541772227443e-03
6.445980406089658610e-01 3.554019593910341390e-01
2.439915027444736553e-03 9.975600849725552166e-01
3.468801854571912369e-01 6.531198145428087631e-01
9.975723194433635532e-01 2.427680556636334884e-03
5.246688487028575709e-01 4.753311512971423736e-01
1.076777012248931499e-02 9.892322298775105827e-01
2.940002683285058288e-02 9.705999731671495212e-01
1.003711174227843450e-02 9.899628882577214961e-01
3.806395102711288003e-01 6.193604897288712552e-01
9.975514146856236941e-01 2.448585314376226958e-03
6.519382181120021540e-03 9.934806178188799741e-01
7.295216371424963035e-03 9.927047836285750604e-01
9.974225738739987968e-01 2.577426126001231433e-03
8.999012078231607425e-01 1.000987921768393268e-01
3.261020202080926883e-02 9.673897979791906687e-01
2.305703780125328145e-03 9.976942962198747100e-01
9.975889416759109452e-01 2.411058324089195362e-03
9.975142064182705992e-01 2.485793581729357857e-03
9.968001739620849788e-01 3.199826037914992559e-03
3.702022536692319843e-01 6.297977463307679047e-01
4.799531076464115809e-01 5.200468923535884747e-01
4.133238673802479557e-01 5.866761326197520443e-01
3.911100937989651083e-01 6.088899062010348917e-01
9.975515519110689233e-01 2.448448088930969130e-03
9.972616483039971058e-01 2.738351696002910667e-03
5.225557817762154222e-01 4.774442182237844667e-01
9.973460734943888628e-01 2.653926505611082978e-03
4.710341050005865671e-01 5.289658949994134884e-01
1.175684520794641197e-02 9.882431547920534909e-01
9.890065751666117233e-01 1.099342483338833568e-02
9.971351946617296180e-01 2.864805338270410597e-03
1.082231490516230923e-02 9.891776850948376110e-01
7.597252620138108536e-01 2.402747379861890353e-01
9.975078936592183254e-01 2.492106340781676758e-03
1.396346860751336051e-02 9.860365313924867037e-01
4.833448650576480654e-01 5.166551349423519346e-01
9.975316391989335063e-01 2.468360801066515810e-03
9.975297276998302820e-01 2.470272300169806031e-03
2.514209982848100104e-03 9.974857900171518743e-01
9.976508717379832802e-01 2.349128262016762694e-03
2.471238875949499734e-03 9.975287611240505337e-01
2.478385427647049333e-01 7.521614572352950390e-01
9.348108527480893937e-01 6.518914725191063408e-02
3.077076311020595645e-01 6.922923688979403245e-01
1.313706118324972083e-01 8.686293881675027917e-01
4.904473997500733984e-01 5.095526002499266571e-01
3.315526771702191344e-01 6.684473228297808101e-01
3.140487857748953116e-01 6.859512142251047440e-01
2.641153068067620402e-01 7.358846931932380153e-01
9.909862100125969020e-01 9.013789987402980042e-03
9.973805501346639790e-01 2.619449865335953323e-03
7.354743156417636873e-02 9.264525684358236868e-01
3.973418706039097970e-01 6.026581293960903141e-01
7.334430141975182768e-03 9.926655698580248988e-01
7.528587920525053878e-01 2.471412079474946399e-01
5.101719228244807613e-01 4.898280771755192942e-01
4.535417792813996041e-01 5.464582207186003959e-01
9.975532909055230268e-01 2.446709094477040811e-03
9.064129242085918747e-01 9.358707579140819466e-02
9.965672737204253062e-01 3.432726279574772280e-03
7.022129788760979041e-01 2.977870211239020959e-01
6.027188127076290591e-01 3.972811872923708854e-01
9.545182820139932467e-01 4.548171798600677412e-02
1.339010326525537642e-01 8.660989673474461803e-01
9.841805115192293618e-01 1.581948848077054798e-02
1.921271176637093236e-01 8.078728823362907319e-01
4.847092215168713469e-01 5.152907784831286531e-01
9.975015320830867838e-01 2.498467916913358917e-03
9.974146419935193686e-01 2.585358006480628808e-03
9.846618947632059804e-01 1.533810523679408726e-02
6.095764816370282668e-01 3.904235183629716777e-01
4.971739927456811370e-01 5.028260072543189185e-01
1.132994390373856693e-02 9.886700560962613515e-01
1.408459840486634383e-02 9.859154015951336891e-01
6.003234730647658557e-01 3.996765269352340888e-01
2.965224634663627956e-01 7.034775365336372044e-01
9.653311920529564771e-01 3.466880794704346042e-02
5.418985531533951905e-01 4.581014468466048095e-01
1.117899685164929109e-02 9.888210031483506413e-01
9.897720881276398375e-01 1.022791187236023192e-02
1.542921993241723293e-02 9.845707800675828070e-01
