9.934750238881376871e-01 6.524976111862207037e-03
9.973776125529455472e-01 2.622387447054412481e-03
6.229648858242208265e-01 3.770351141757792290e-01
8.920838980486107683e-01 1.079161019513892733e-01
9.972199219572175366e-01 2.780078042782402684e-03
2.464798774491410924e-03 9.975352012255086498e-01
9.783123163746179074e-01 2.168768362538215158e-02
9.975066086501288565e-01 2.493391349871114035e-03
8.200221727502952085e-01 1.799778272497047082e-01
9.855725393363843345e-01 1.442746066361576610e-02
1.304160161130875524e-02 9.869583983886911493e-01
3.839228085771276278e-01 6.160771914228723167e-01
9.852580887889935690e-01 1.474191121100642231e-02
9.854635584918247648e-01 1.453644150817526466e-02
4.794251341775544462e-01 5.205748658224454983e-01
1.350050815011051564e-01 8.649949184988947604e-01
8.766890662128664635e-01 1.233109337871334948e-01
9.892430293124360174e-01 1.075697068756388194e-02
6.447192378619714948e-01 3.552807621380283942e-01
6.082611681445068141e-01 3.917388318554931859e-01
9.655321769294874512e-01 3.446782307051254879e-02
9.973038616883628249e-01 2.696138311637280051e-03
6.262158329629905484e-01 3.737841670370093961e-01
9.974125719217408204e-01 2.587428078259071222e-03
9.971625194236007905e-01 2.837480576399115367e-03
7.879722585067725493e-01 2.120277414932275895e-01
9.974231485181700441e-01 2.576851481829916472e-03
6.373580691573915713e-01 3.626419308426084842e-01
9.921578962355607212e-01 7.842103764439160851e-03
9.183843760225942621e-01 8.161562397740565467e-02
9.903343357640178590e-01 9.665664235982029950e-03
9.866676734577617403e-01 1.333232654223821811e-02
9.888724960507551121e-01 1.112750394924492264e-02
9.959369720408833837e-01 4.063027959116465374e-03
9.974162285631954505e-01 2.583771436804604537e-03
7.848357939448469267e-02 9.215164206055153073e-01
3.039508649839419915e-02 9.696049135016058251e-01
9.062294653064030259e-01 9.377053469359694637e-02
9.973111624035273515e-01 2.688837596472621206e-03
8.986044382283802090e-01 1.013955617716198326e-01
7.966745271466830758e-01 2.033254728533169242e-01
9.973061888114695961e-01 2.693811188530543122e-03
4.505718179734799489e-01 5.494281820265199956e-01
9.971205203089279490e-01 2.879479691072079663e-03
5.126265773929729042e-01 4.873734226070270403e-01
1.315253025622719653e-02 9.868474697437727983e-01
9.976100010888849789e-01 2.389998911114913499e-03
3.950176732635999333e-01 6.049823267364000667e-01
5.650796465602433427e-01 4.349203534397566573e-01
7.109281614187962228e-01 2.890718385812037217e-01
9.975016876887023987e-01 2.498312311297664658e-03
8.589257961436610467e-01 1.410742038563388701e-01
9.751971540510733227e-01 2.480284594892674666e-02
9.896566786209789468e-01 1.034332137902116422e-02
9.108612371252941889e-03 9.908913876287469558e-01
7.366873768183185289e-01 2.633126231816814156e-01
7.986884266689804335e-01 2.013115733310196220e-01
6.534273596311568344e-01 3.465726403688431656e-01
9.972814474942774954e-01 2.718552505722556661e-03
9.973587305356923505e-01 2.641269464307711111e-03
9.886517458932354563e-01 1.134825410676441361e-02
8.132270493013729062e-01 1.867729506986272048e-01
8.450539574775711715e-01 1.549460425224288562e-01
9.973788403597529939e-01 2.621159640247003927e-03
2.926737342389108387e-03 9.970732626576108704e-01
4.325586157884887539e-01 5.674413842115112461e-01
7.095179356327265818e-01 2.904820643672734182e-01
8.688955114609043795e-01 1.311044885390955372e-01
9.974203927380241863e-01 2.579607261975924715e-03
9.903857060231283649e-01 9.614293976871612565e-03
9.299470332121599903e-01 7.005296678783987097e-02
6.209676037614665356e-01 3.790323962385334089e-01
8.542340858602199827e-01 1.457659141397799618e-01
4.428810741969479992e-01 5.571189258030521119e-01
9.938580526924536418e-01 6.141947307546430194e-03
5.506394833144417911e-01 4.493605166855582089e-01
4.465175907647023767e-01 5.534824092352975677e-01
9.971682253020831554e-01 2.831774697916968151e-03
6.324657139214695523e-01 3.675342860785303922e-01
7.917083196634387976e-01 2.082916803365612579e-01
9.974946720801748379e-01 2.505327919825101404e-03
8.359822128253351359e-01 1.640177871746648086e-01
4.744102560012153358e-01 5.255897439987845532e-01
7.571993601972318855e-01 2.428006398027681423e-01
6.463968623936322544e-01 3.536031376063678011e-01
8.104561733253528022e-01 1.895438266746472533e-01
8.746785924304387727e-01 1.253214075695611995e-01
9.973798672859213177e-01 2.620132714078608153e-03
9.765377026547358841e-02 9.023462297345264949e-01
9.906024355439007056e-01 9.397564456099238850e-03
9.972449376012391120e-01 2.755062398760815129e-03
3.226230919219479909e-01 6.773769080780519536e-01
9.660478032706071305e-01 3.395219672939282091e-02
3.359481538604566220e-01 6.640518461395432670e-01
2.590478563412831198e-02 9.740952143658716533e-01
9.915034465927949903e-01 8.496553407205006264e-03
7.912389679253959418e-01 2.087610320746039749e-01
9.972818828478754449e-01 2.718117152124692112e-03
9.101020794549443682e-01 8.989792054505561791e-02
9.973142098201285277e-01 2.685790179871521289e-03
9.972755882980901543e-01 2.724411701909896025e-03
9.889693879535472743e-01 1.103061204645263381e-02
8.061785463154549358e-01 1.938214536845452030e-01
2.097676258183137424e-02 9.790232374181687680e-01
9.971992104169195015e-01 2.800789583080580489e-03
8.990567444245449735e-01 1.009432555754550681e-01
9.118853935614054107e-01 8.811460643859464481e-02
6.322378601880281890e-01 3.677621398119718110e-01
6.571808474761353658e-01 3.428191525238646342e-01
1.729070608339325632e-01 8.270929391660675201e-01
5.174044524215138940e-01 4.825955475784861615e-01
9.970601250851803821e-01 2.939874914819722452e-03
1.616835932229402917e-01 8.383164067770596528e-01
4.455002628353820771e-01 5.544997371646179785e-01
9.914382847900905515e-01 8.561715209909372126e-03
9.918120847785008021e-01 8.187915221499192722e-03
9.935072641780461344e-01 6.492735821953894183e-03
9.213829114407764420e-01 7.861708855922344696e-02
9.849954650994001693e-01 1.500453490059975269e-02
2.275357983694246272e-02 9.772464201630575165e-01
9.974394297826238986e-01 2.560570217376236662e-03
7.474700416159523186e-01 2.525299583840477369e-01
9.894569998972740921e-01 1.054300010272598599e-02
5.111078040576698678e-01 4.888921959423301877e-01
8.064100212948808188e-01 1.935899787051191534e-01
6.211999595232321481e-01 3.788000404767677964e-01
9.974362140049974901e-01 2.563785995002482599e-03
9.900993914797571183e-01 9.900608520242921637e-03
9.973954593735548935e-01 2.604540626445113905e-03
8.533465835762292784e-01 1.466534164237705828e-01
6.990659342517985264e-01 3.009340657482015291e-01
3.967306853632796698e-03 9.960326931463671096e-01
5.690413594200125630e-02 9.430958640579988339e-01
9.884059967435051552e-01 1.159400325649483435e-02
9.974887828893623798e-01 2.511217110637689164e-03
9.897964652865536284e-01 1.020353471344632133e-02
9.972738464905750444e-01 2.726153509425006342e-03
9.901090687083250463e-01 9.890931291674986622e-03
6.075153193779014860e-01 3.924846806220985140e-01
8.288585160350795400e-01 1.711414839649204322e-01
9.932281933227142812e-01 6.771806677285630363e-03
8.832227846283449146e-01 1.167772153716549327e-01
4.412893611022787876e-01 5.587106388977212124e-01
9.974964244513341294e-01 2.503575548665908784e-03
5.973080777614857562e-01 4.026919222385142438e-01
9.975943460087627335e-01 2.405653991237348931e-03
9.921840172170222072e-01 7.815982782977784135e-03
6.757035235723070077e-01 3.242964764276930478e-01
9.925634978443299561e-01 7.436502155670084678e-03
4.888403541738914337e-01 5.111596458261086218e-01
9.973388802343389203e-01 2.661119765661038028e-03
9.973338000229197142e-01 2.666199977080225929e-03
9.804339949511438057e-01 1.956600504885605551e-02
4.767866724952012913e-01 5.232133275047987642e-01
9.974241951513571625e-01 2.575804848642818893e-03
4.084000928709067280e-01 5.915999071290932720e-01
7.660549163464888123e-01 2.339450836535112432e-01
9.974892454389346907e-01 2.510754561065336576e-03
9.972762344844445792e-01 2.723765515555454184e-03
9.971459641406756891e-01 2.854035859324386814e-03
9.971767390552893628e-01 2.823260944710638456e-03
9.948452581369471304e-01 5.154741863052900858e-03
9.974642725231998019e-01 2.535727476800193284e-03
9.881241109330648476e-01 1.187588906693516980e-02
9.923444530286252840e-01 7.655546971374841726e-03
7.687661471311053873e-02 9.231233852868895307e-01
9.833932402466348810e-01 1.660675975336512594e-02
3.025148182212908463e-03 9.969748518177870000e-01
9.973799762613909659e-01 2.620023738609099633e-03
9.927470548692487462e-01 7.252945130751284157e-03
9.868236079893063506e-01 1.317639201069374134e-02
9.973206140093014982e-01 2.679385990698413770e-03
9.861354004933218231e-01 1.386459950667827921e-02
7.631809504651468901e-01 2.368190495348529989e-01
9.921688131336270366e-01 7.831186866372878350e-03
7.676302146994889997e-01 2.323697853005109448e-01
3.761653202444292798e-01 6.238346797555707202e-01
9.906071540273642118e-01 9.392845972635737936e-03
9.975282708948219890e-01 2.471729105178141570e-03
1.143367392860713573e-02 9.885663260713928313e-01
7.147112711934588969e-02 9.285288728806541103e-01
6.378093073815453984e-01 3.621906926184546016e-01
9.974741866479996943e-01 2.525813352000238002e-03
8.122729014339201692e-01 1.877270985660798308e-01
1.859722974267570272e-01 8.140277025732428617e-01
5.632011763105827518e-01 4.367988236894173593e-01
9.972940637158020927e-01 2.705936284197980619e-03
7.380605296172749741e-01 2.619394703827249149e-01
9.495337778100684245e-01 5.046622218993152692e-02
9.975460194196856811e-01 2.453980580314245579e-03
9.974381490661143879e-01 2.561850933885523231e-03
9.971475169772558989e-01 2.852483022743980585e-03
6.059982030883009907e-01 3.940017969116991203e-01
6.226005778752509157e-01 3.773994221247491954e-01
7.154061169789880381e-01 2.845938830210119619e-01
9.941049948340591191e-01 5.895005165940848772e-03
6.365260233663879719e-01 3.634739766336119726e-01
9.971646745374310727e-01 2.835325462568919017e-03
9.974433204952811716e-01 2.556679504718792437e-03
8.612386443882507070e-01 1.387613556117493763e-01
8.752850594974889153e-01 1.247149405025111124e-01
7.883762381506369543e-01 2.116237618493629902e-01
7.911116284953364497e-01 2.088883715046636058e-01
7.529368242717642268e-01 2.470631757282356900e-01
4.273432654862384661e-01 5.726567345137615339e-01
3.406293783225113753e-02 9.659370621677488833e-01
9.973007443755036450e-01 2.699255624496329446e-03
9.379597069754228578e-01 6.204029302457699652e-02
7.852590317779143403e-01 2.147409682220856320e-01
9.441838516700975514e-01 5.581614832990244163e-02
2.812082387089834268e-01 7.187917612910166287e-01
9.972532766081914080e-01 2.746723391808546504e-03
1.045183291268700909e-01 8.954816708731299091e-01
7.798342285473951474e-01 2.201657714526048526e-01
6.289123355819223882e-01 3.710876644180776673e-01
5.772484863507981734e-01 4.227515136492018266e-01
9.861939751840519408e-01 1.380602481594821011e-02
7.844482842746467455e-01 2.155517157253532823e-01
1.040634664514581385e-02 9.895936533548542746e-01
8.674366517577244418e-01 1.325633482422755860e-01
9.974837286898408095e-01 2.516271310159213029e-03
8.377120845306826880e-01 1.622879154693173676e-01
9.803960523516900283e-01 1.960394764831010703e-02
9.972995672382385379e-01 2.700432761761371436e-03
9.895060050068139601e-01 1.049399499318600694e-02
9.901989934718224973e-01 9.801006528177613752e-03
5.180871566252897020e-01 4.819128433747103535e-01
9.973660330889018155e-01 2.633966911098038332e-03
9.253750751898146554e-01 7.462492481018545565e-02
6.212488707788772491e-01 3.787511292211227509e-01
1.418069184130582583e-02 9.858193081586942297e-01
2.648478685959084356e-03 9.973515213140410340e-01
7.703078056143715102e-01 2.296921943856284343e-01
6.017245461157844089e-01 3.982754538842155911e-01
9.974140430723539286e-01 2.585956927646021995e-03
9.840576624980912346e-01 1.594233750190885562e-02
6.334100840569502067e-01 3.665899159430497933e-01
9.909234668528392742e-01 9.076533147160661605e-03
9.806848629650223303e-01 1.931513703497775639e-02
9.975169566231453233e-01 2.483043376854671917e-03
9.895152788356843532e-01 1.048472116431574397e-02
9.975541627815053269e-01 2.445837218494655279e-03
9.974489854492764040e-01 2.551014550723603759e-03
2.691177710774652135e-03 9.973088222892253496e-01
7.712624306037368926e-01 2.287375693962630241e-01
9.972588740099835869e-01 2.741125990016441295e-03
7.475756590069274760e-03 9.925242434099308397e-01
6.460392285219391795e-01 3.539607714780608205e-01
9.057186828964342018e-01 9.428131710356590922e-02
9.973646058462679598e-01 2.635394153731970401e-03
9.889102354862187028e-01 1.108976451378124173e-02
9.874197377908190409e-01 1.258026220918110304e-02
9.972378320002562857e-01 2.762167999743732078e-03
2.446086991342870734e-03 9.975539130086571449e-01
6.835931854684570430e-01 3.164068145315429570e-01
3.279286882716906694e-03 9.967207131172830525e-01
9.973970868329746775e-01 2.602913167025351551e-03
9.266357917213661199e-01 7.336420827863388006e-02
7.663157061597556385e-01 2.336842938402444447e-01
9.972964886882452751e-01 2.703511311754768724e-03
8.703011724546666494e-01 1.296988275453333228e-01
9.973969346714136597e-01 2.603065328586399302e-03
9.870448768057179523e-01 1.295512319428206507e-02
8.599464816243216347e-01 1.400535183756784208e-01
6.547993146770377804e-01 3.452006853229622196e-01
9.974689877814744143e-01 2.531012218525571789e-03
3.425632520727935337e-01 6.574367479272065218e-01
8.211944762088498884e-01 1.788055237911499729e-01
7.376159443357583889e-01 2.623840556642416666e-01
9.974186899560645303e-01 2.581310043935560773e-03
9.915944778100715951e-01 8.405522189928424023e-03
9.164116477849251763e-02 9.083588352215075101e-01
9.972202187649680249e-01 2.779781235031947295e-03
7.852205729719144989e-01 2.147794270280855844e-01
8.864907266129425784e-03 9.911350927338706818e-01
1.427914038489498660e-01 8.572085961510500507e-01
9.901599663305247212e-01 9.840033669475412373e-03
8.458104417543773623e-01 1.541895582456226654e-01
9.973365022629340215e-01 2.663497737065877863e-03
9.934529491721501016e-01 6.547050827849984315e-03
3.150927177526677836e-01 6.849072822473322164e-01
9.797941088423066658e-01 2.020589115769329605e-02
9.973361496743802235e-01 2.663850325619741399e-03
6.737558343853016218e-01 3.262441656146984337e-01
9.327888602715219690e-01 6.721113972847810036e-02
8.604495881950331437e-01 1.395504118049668563e-01
7.336958261962039929e-01 2.663041738037960071e-01
3.641441222530847344e-02 9.635855877746914988e-01
9.975181527990358843e-01 2.481847200964180326e-03
9.894781987415893765e-01 1.052180125841067383e-02
6.059437511943047694e-01 3.940562488056952306e-01
6.205126921844354992e-01 3.794873078155645008e-01
6.179692312536995136e-01 3.820307687463004864e-01
9.680672809100424603e-01 3.193271908995753278e-02
8.250442900123035050e-01 1.749557099876964950e-01
9.973842917014662524e-01 2.615708298533729430e-03
9.973226487000460549e-01 2.677351299953980614e-03
2.630682841131352090e-01 7.369317158868647910e-01
9.889274683874148542e-01 1.107253161258518054e-02
9.974089414513509499e-01 2.591058548649040512e-03
1.962129699975276309e-02 9.803787030002473202e-01
9.972360660585680714e-01 2.763933941431853149e-03
9.723697363443625230e-01 2.763026365563743536e-02
8.729102506951366136e-01 1.270897493048632754e-01
9.942509234657456174e-01 5.749076534254407740e-03
9.972088941864014622e-01 2.791105813598563842e-03
7.366601811270183653e-01 2.633398188729816347e-01
9.772937294549478571e-01 2.270627054505205272e-02
5.244450169627948855e-01 4.755549830372050590e-01
9.964834198545406974e-01 3.516580145459418869e-03
5.465338799677287307e-01 4.534661200322713248e-01
9.972409180076002855e-01 2.759081992399755288e-03
9.974537151512835598e-01 2.546284848716394694e-03
9.893932026557883397e-01 1.060679734421177481e-02
9.974970987751479168e-01 2.502901224852196408e-03
7.058105814486125285e-01 2.941894185513874715e-01
9.835837968205687343e-01 1.641620317943135246e-02
4.975614160903945593e-01 5.024385839096053852e-01
2.690705486428969229e-01 7.309294513571029661e-01
8.926170204568542044e-01 1.073829795431457818e-01
8.923411323198433553e-01 1.076588676801566169e-01
2.449621691872695770e-03 9.975503783081273168e-01
8.481533258397551053e-03 9.915184667416023778e-01
8.258530474716275771e-01 1.741469525283723951e-01
5.898729688555572892e-01 4.101270311444427663e-01
6.100348191951938670e-01 3.899651808048061330e-01
7.124042249138526905e-01 2.875957750861473650e-01
3.433198010021976890e-03 9.965668019899780461e-01
8.786338527688659639e-01 1.213661472311339945e-01
8.641932457957607339e-01 1.358067542042392939e-01
9.715556930159298110e-01 2.844430698407022715e-02
3.742393761089276016e-01 6.257606238910724539e-01
2.687124730593104614e-03 9.973128752694068178e-01
9.974295130346936267e-01 2.570486965306350343e-03
3.929163417275195469e-01 6.070836582724805641e-01
9.973876113623839634e-01 2.612388637615880443e-03
2.011950712773172001e-01 7.988049287226827166e-01
9.213552535415637790e-01 7.864474645843622103e-02
6.828656483543941169e-01 3.171343516456058831e-01
9.899525868209420043e-01 1.004741317905784824e-02
6.601242449375744892e-01 3.398757550624255108e-01
7.712083229937805040e-01 2.287916770062194405e-01
7.145062243406904434e-01 2.854937756593095011e-01
9.972116215155527597e-01 2.788378484447253357e-03
7.293743278191576751e-01 2.706256721808423804e-01
9.871781787046532974e-01 1.282182129534670256e-02
6.179241718195952471e-01 3.820758281804047529e-01
4.818012746543097191e-01 5.181987253456902254e-01
1.739312601087345325e-02 9.826068739891264947e-01
9.885652271324769647e-01 1.143477286752312035e-02
9.969256247164992590e-01 3.074375283500779561e-03
9.780546911370575636e-01 2.194530886294252317e-02
5.284537730538546065e-03 9.947154622694615034e-01
7.334982047203045807e-01 2.665017952796955303e-01
9.974931568374933999e-01 2.506843162506667329e-03
9.966740887632926649e-01 3.325911236707297831e-03
8.751588776383810719e-01 1.248411223616188309e-01
8.534582599033585515e-01 1.465417400966413930e-01
9.974213286550708268e-01 2.578671344929066474e-03
2.419335045317254906e-01 7.580664954682744261e-01
9.972990003256526625e-01 2.700999674347371281e-03
7.276521795644188551e-01 2.723478204355812005e-01
9.853196492481800517e-01 1.468035075182009055e-02
9.918905021792526755e-01 8.109497820747366137e-03
9.972286960686336243e-01 2.771303931366442003e-03
9.740527450459870451e-01 2.594725495401301041e-02
3.217887702544365847e-01 6.782112297455634708e-01
7.753288710776253811e-01 2.246711289223746466e-01
9.768658954662331473e-01 2.313410453376687353e-02
7.589824073734687815e-01 2.410175926265312463e-01
6.352860516549421188e-01 3.647139483450578257e-01
7.689667010811663816e-01 2.310332989188335906e-01
4.799516500292663190e-01 5.200483499707336810e-01
7.804762205697483024e-01 2.195237794302516698e-01
2.937451743513492808e-01 7.062548256486508302e-01
1.570025715136285360e-01 8.429974284863714917e-01
9.923011534494927677e-01 7.698846550507280027e-03
8.790386760696740076e-01 1.209613239303260201e-01
6.561199552833812954e-01 3.438800447166187046e-01
6.074550574499171240e-02 9.392544942550081766e-01
4.544474209752581012e-02 9.545552579024740858e-01
9.824167373369218081e-01 1.758326266307822655e-02
8.572401319742007919e-01 1.427598680257992636e-01
7.100176064709006196e-01 2.899823935290994359e-01
7.173931142450931109e-01 2.826068857549068336e-01
8.207266949568499115e-01 1.792733050431501440e-01
8.249642116695575789e-01 1.750357883304423101e-01
8.642951933648935769e-01 1.357048066351063953e-01
9.289024675367133499e-01 7.109753246328662235e-02
8.443295120843045121e-01 1.556704879156954047e-01
9.965522660697104795e-01 3.447733930289509190e-03
9.051044406154291622e-01 9.489555938457083784e-02
9.972641594791090691e-01 2.735840520890941725e-03
2.663943507405917496e-02 9.733605649259409187e-01
4.042028925249380178e-01 5.957971074750619822e-01
2.894514358840972190e-01 7.105485641159027255e-01
9.781286676061023977e-01 2.187133239389757802e-02
6.321437264559812697e-01 3.678562735440187303e-01
9.972432643850156486e-01 2.756735614984348777e-03
6.110157792816889311e-01 3.889842207183111245e-01
7.747512986041473759e-01 2.252487013958527073e-01
9.838953879759577970e-02 9.016104612024042897e-01
6.143400896234073594e-01 3.856599103765925296e-01
9.909165865874933754e-01 9.083413412506619392e-03
9.974979382639410641e-01 2.502061736059027833e-03
5.870412421560754490e-01 4.129587578439246620e-01
9.969658705862485260e-01 3.034129413751392081e-03
8.549377403049385205e-01 1.450622596950615628e-01
9.877963881142678426e-01 1.220361188573219381e-02
9.972694144642642033e-01 2.730585535735880354e-03
9.642157967301237531e-02 9.035784203269876524e-01
9.871459732199451276e-01 1.285402678005491579e-02
8.748569158731891449e-01 1.251430841268109384e-01
6.999864233303395578e-01 3.000135766696604422e-01
6.504512499658060554e-01 3.495487500341939446e-01
9.941715441984400048e-01 5.828455801560077608e-03
9.970173978396463799e-01 2.982602160353601921e-03
9.925319554865686955e-01 7.468044513431330508e-03
9.973990885663656103e-01 2.600911433634403146e-03
9.881998235773892247e-01 1.180017642261083771e-02
9.810594921259170320e-01 1.894050787408291595e-02
7.186337543224343705e-01 2.813662456775656295e-01
8.353540793487994609e-01 1.646459206512006224e-01
6.263209091233150616e-01 3.736790908766848274e-01
9.974228083588831950e-01 2.577191641116804120e-03
9.834065139023304702e-01 1.659348609766950547e-02
9.921584079358748420e-01 7.841592064125279399e-03
7.752388610936354896e-01 2.247611389063645382e-01
9.853694705818584199e-01 1.463052941814162178e-02
9.973242338234379334e-01 2.675766176561989416e-03
9.882570811838932157e-01 1.174291881610669067e-02
7.781825983147129255e-01 2.218174016852870745e-01
6.646842009699338583e-01 3.353157990300661973e-01
8.590570593233590735e-01 1.409429406766408432e-01
8.313447478431028603e-01 1.686552521568970842e-01
9.972021790298258859e-01 2.797820970174050379e-03
2.059251555333007494e-02 9.794074844466698071e-01
9.968883211841186309e-01 3.111678815881435429e-03
9.923270091497065071e-01 7.672990850293530223e-03
2.931161371709757879e-01 7.068838628290242676e-01
5.120668788498187185e-01 4.879331211501813370e-01
6.268312373770156265e-01 3.731687626229844845e-01
9.916214436449373171e-01 8.378556355062613537e-03
8.382747002816802739e-01 1.617252997183196150e-01
9.485358033832324010e-01 5.146419661676764762e-02
9.973534482335065787e-01 2.646551766493430383e-03
7.357308814825220811e-01 2.642691185174778634e-01
9.974032489663136047e-01 2.596751033686493272e-03
1.383139079463878152e-01 8.616860920536122403e-01
9.214180223027509387e-01 7.858197769724899195e-02
9.858829482650623977e-01 1.411705173493763878e-02
8.814841937553983264e-01 1.185158062446016319e-01
7.781361023867297000e-01 2.218638976132701890e-01
9.973509543523608745e-01 2.649045647639037930e-03
2.467257848588811919e-01 7.532742151411188081e-01
9.883648712438654060e-01 1.163512875613459396e-02
9.947504115639682620e-01 5.249588436031743174e-03
3.826501439533545046e-01 6.173498560466456064e-01
5.121464159338231514e-01 4.878535840661767931e-01
6.589944810595382840e-01 3.410055189404617715e-01
9.972997832536903973e-01 2.700216746309449210e-03
9.970363743321886130e-01 2.963625667811361011e-03
2.405092231400039055e-03 9.975949077685999367e-01
2.088571566076675434e-01 7.911428433923324288e-01
9.897544747605553361e-01 1.024552523944474713e-02
4.430969221466934949e-01 5.569030778533065051e-01
9.975293262955292617e-01 2.470673704470676291e-03
7.913775044106394763e-01 2.086224955893604960e-01
9.894677043956575657e-01 1.053229560434252449e-02
9.291961682237553921e-01 7.080383177624462177e-02
8.777888007940329862e-01 1.222111992059670693e-01
7.990957255197875808e-01 2.009042744802123359e-01
9.847792149386065397e-01 1.522078506139336145e-02
7.647307300949169884e-01 2.352692699050830116e-01
9.726606402705251231e-01 2.733935972947480753e-02
2.193129847983319239e-03 9.978068701520167449e-01
8.166801469091078403e-01 1.833198530908921042e-01
9.597770878141311801e-01 4.022291218586881989e-02
1.590650431460785899e-02 9.840934956853920612e-01
9.092264527169605648e-01 9.077354728303931031e-02
9.971427165685442517e-01 2.857283431455663256e-03
9.975257338405418839e-01 2.474266159458042829e-03
1.072529987290254394e-01 8.927470012709745051e-01
6.550772063265896117e-01 3.449227936734104993e-01
9.974851357738351298e-01 2.514864226164851072e-03
9.104417172500604005e-01 8.955828274993971050e-02
9.972194260163654844e-01 2.780573983634464404e-03
1.303788597792990452e-02 9.869621140220701250e-01
7.833128813658124523e-01 2.166871186341874922e-01
9.809395992021907595e-01 1.906040079780917801e-02
9.900987850294546977e-01 9.901214970545338737e-03
9.788543699043831259e-01 2.114563009561676310e-02
9.826582100943584974e-01 1.734178990564151646e-02
9.910099965115931608e-01 8.990003488406859977e-03
9.975834751831914593e-01 2.416524816808643915e-03
2.693069386028951184e-03 9.973069306139709100e-01
9.973625326412213221e-01 2.637467358778752477e-03
9.975738857452343122e-01 2.426114254765758451e-03
9.304005243828693261e-02 9.069599475617130535e-01
9.974866590846684922e-01 2.513340915331565943e-03
9.975701294198032754e-01 2.429870580196779283e-03
5.877418705212725802e-01 4.122581294787273642e-01
6.257588850228154032e-01 3.742411149771846524e-01
9.973680228240993095e-01 2.631977175900700010e-03
8.568995305898003956e-01 1.431004694101996599e-01
9.889906113857361847e-01 1.100938861426391767e-02
9.074016870602968909e-01 9.259831293970305355e-02
9.956392580858058894e-01 4.360741914194133165e-03
5.334438605506884867e-01 4.665561394493114578e-01
9.621055529815607521e-01 3.789444701843925484e-02
9.917133379049193342e-01 8.286662095080605042e-03
9.971045278748815743e-01 2.895472125118401380e-03
1.480773508114215375e-01 8.519226491885784069e-01
9.807034219607071446e-01 1.929657803929278256e-02
9.918352063102117144e-01 8.164793689788216180e-03
9.967771287129512103e-01 3.222871287048736325e-03
6.155050013373186690e-01 3.844949986626813865e-01
9.377060685491120928e-01 6.229393145088804595e-02
9.975513166738431137e-01 2.448683326156750155e-03
2.443515975667579984e-03 9.975564840243325015e-01
9.861614782879399854e-01 1.383852171206010132e-02
7.356254426633105359e-01 2.643745573366895196e-01
9.902540736760380158e-01 9.745926323961890542e-03
4.229303767415158732e-02 9.577069623258483988e-01
9.753898529924728278e-01 2.461014700752721038e-02
9.973259003304166814e-01 2.674099669583304261e-03
6.727864705742531148e-01 3.272135294257467741e-01
9.975506090040214824e-01 2.449390995978487258e-03
8.619028796117371716e-01 1.380971203882628007e-01
9.921583022966439236e-01 7.841697703356048654e-03
9.973468203052202607e-01 2.653179694779758766e-03
5.807591776827618624e-01 4.192408223172381931e-01
3.061583832084556825e-02 9.693841616791543103e-01
8.550678194972767265e-01 1.449321805027233845e-01
9.974817969549509833e-01 2.518203045048960330e-03
9.920661193269488809e-01 7.933880673051101756e-03
6.891604246482435636e-01 3.108395753517564919e-01
9.970810081653598278e-01 2.918991834640092403e-03
6.772887331879423600e-01 3.227112668120576955e-01
9.963174775269423300e-02 9.003682522473057670e-01
5.140762529443155815e-01 4.859237470556844185e-01
7.727230682537921114e-01 2.272769317462079441e-01
8.532177728810059758e-01 1.467822271189940242e-01
9.881147328615271785e-01 1.188526713847285095e-02
7.330736202832854875e-01 2.669263797167145680e-01
7.486410436050807693e-01 2.513589563949192862e-01
2.650369277560248316e-01 7.349630722439751684e-01
7.741056707781659441e-01 2.258943292218340837e-01
9.748316145072077887e-01 2.516838549279230841e-02
9.933688719213524809e-01 6.631128078647590199e-03
6.171203094229427144e-01 3.828796905770572856e-01
9.903359394820167028e-01 9.664060517983243462e-03
9.966064458942263116e-01 3.393554105773790349e-03
9.599005330905648892e-01 4.009946690943511083e-02
9.733398264647394882e-01 2.666017353526041467e-02
9.974004801093261374e-01 2.599519890673777575e-03
9.473542333546154381e-01 5.264576664538469369e-02
9.676547617197616136e-01 3.234523828023828929e-02
9.975937953555298332e-01 2.406204644470301239e-03
9.974500509059402997e-01 2.549949094059621776e-03
6.254300428474528495e-01 3.745699571525470950e-01
7.920659734886510428e-01 2.079340265113489572e-01
8.496859635423293922e-01 1.503140364576704968e-01
9.975004801167371982e-01 2.499519883262909387e-03
9.928266141491665087e-01 7.173385850833512156e-03
9.931158238260867632e-01 6.884176173913211620e-03
2.545176249555967940e-02 9.745482375044403067e-01
7.028177834263501511e-01 2.971822165736499044e-01
8.817651444274635653e-01 1.182348555725363376e-01
8.687817992811667223e-01 1.312182007188332777e-01
9.872848548773628385e-01 1.271514512263724299e-02
9.851135590737544190e-01 1.488644092624561918e-02
2.930916451798312380e-02 9.706908354820168450e-01
7.857531368117393056e-01 2.142468631882606112e-01
9.846055806891983453e-01 1.539441931080155583e-02
9.931362434253978577e-01 6.863756574602112789e-03
7.046201077616719433e-01 2.953798922383280012e-01
7.553814698225091995e-01 2.446185301774908005e-01
6.207180792379358714e-01 3.792819207620640176e-01
9.883198930385146408e-01 1.168010696148537482e-02
9.350763727906474462e-03 9.906492362720935585e-01
9.974825573997558870e-01 2.517442600244091788e-03
8.474306530157789119e-01 1.525693469842210603e-01
9.918122128193793685e-01 8.187787180620711286e-03
1.055277031779379010e-01 8.944722968220620851e-01
4.056092917004056608e-01 5.943907082995942837e-01
9.931939989725041551e-01 6.806001027495811942e-03
1.054668065332011184e-01 8.945331934667988261e-01
9.975633723653781759e-01 2.436627634621740379e-03
2.689607501620751122e-03 9.973103924983791613e-01
9.973991070156096317e-01 2.600892984390354001e-03
1.321697495678785840e-02 9.867830250432122474e-01
9.973239453530319265e-01 2.676054646968011909e-03
9.975546727302632144e-01 2.445327269736779097e-03
9.854025777377088957e-01 1.459742226229119970e-02
3.191362726421767028e-03 9.968086372735781575e-01
7.649782921692196425e-01 2.350217078307803020e-01
9.972874685142083528e-01 2.712531485791740832e-03
8.598419332929562175e-01 1.401580667070437825e-01
5.234023929813401699e-01 4.765976070186597191e-01
9.776744647612575223e-01 2.232553523874250545e-02
4.389686956373952675e-01 5.610313043626046214e-01
9.866785895405706386e-01 1.332141045942930244e-02
9.831853086810908859e-01 1.681469131890910712e-02
9.973033572724886442e-01 2.696642727511314175e-03
2.319730837363568124e-03 9.976802691626365238e-01
6.553976964880605660e-01 3.446023035119393785e-01
9.778601793888972438e-01 2.213982061110275623e-02
4.971139084749835735e-02 9.502886091525015733e-01
9.787805178055958288e-01 2.121948219440430647e-02
9.845901363787685767e-01 1.540986362123135736e-02
5.488362879066432942e-01 4.511637120933566503e-01
4.047747622606052698e-01 5.952252377393947302e-01
9.974676054343759590e-01 2.532394565624118601e-03
6.274711685086317159e-01 3.725288314913682841e-01
2.769126623698442979e-01 7.230873376301557576e-01
9.900775160597498070e-01 9.922483940250111448e-03
9.705990310034847690e-01 2.940096899651531773e-02
4.946076198764370879e-02 9.505392380123562912e-01
9.886225997734026105e-01 1.137740022659739988e-02
8.404627895010067240e-01 1.595372104989932482e-01
9.863189134960883564e-01 1.368108650391155166e-02
2.499545996988318010e-03 9.975004540030116829e-01
9.910094677285050668e-01 8.990532271494881128e-03
9.973385321021018823e-01 2.661467897898125469e-03
8.704267951766929690e-01 1.295732048233069478e-01
9.886406945811672120e-01 1.135930541883276718e-02
9.974962193596385029e-01 2.503780640361470602e-03
9.974122929922338843e-01 2.587707007766195527e-03
9.883674052245192687e-01 1.163259477548068445e-02
5.571753307941508249e-01 4.428246692058492862e-01
9.972934578239287529e-01 2.706542176071257983e-03
8.429290524503444404e-01 1.570709475496555874e-01
9.533786517509420522e-01 4.662134824905796865e-02
9.971542299803020093e-01 2.845770019697992440e-03
8.344758785717403260e-01 1.655241214282596462e-01
7.108473368292196337e-01 2.891526631707803663e-01
6.396103215440335221e-01 3.603896784559664779e-01
9.943429876244724852e-01 5.657012375527586782e-03
9.975756622058241652e-01 2.424337794175784964e-03
9.972375106117580268e-01 2.762489388241977980e-03
4.024019707529805784e-02 9.597598029247019769e-01
9.854661622208625849e-01 1.453383777913734402e-02
3.917036385848468583e-02 9.608296361415152864e-01
1.555593753783844797e-02 9.844440624621616509e-01
9.583194978963207600e-01 4.168050210367915676e-02
2.495615701407226661e-01 7.504384298592773339e-01
7.572180119610533167e-01 2.427819880389466278e-01
9.926259237264273283e-01 7.374076273572698591e-03
9.883831813078874928e-01 1.161681869211259911e-02
9.972721356592236797e-01 2.727864340776378887e-03
9.974489805144758359e-01 2.551019485524178877e-03
9.970162457564254455e-01 2.983754243574566686e-03
9.924203855306167332e-01 7.579614469383311876e-03
9.845429287159701559e-01 1.545707128402984583e-02
9.937188449634936083e-01 6.281155036506483672e-03
7.829535421569886466e-01 2.170464578430114089e-01
9.806768699172317971e-01 1.932313008276817512e-02
7.239985876021903799e-02 9.276001412397809620e-01
1.194291669610706291e-01 8.805708330389293570e-01
6.512181404311007116e-01 3.487818595688992884e-01
7.426210980221602531e-01 2.573789019778397469e-01
4.723938675383042574e-01 5.276061324616957426e-01
1.495737188609494277e-02 9.850426281139049722e-01
9.900142906291299338e-01 9.985709370869955137e-03
9.974072881638842425e-01 2.592711836115653423e-03
6.822819624534877114e-01 3.177180375465123996e-01
9.971544366678105620e-01 2.845563332189499604e-03
9.972797355182710932e-01 2.720264481729010430e-03
6.368584481307553169e-01 3.631415518692446276e-01
4.924147462245864748e-01 5.075852537754135252e-01
9.804641722182029229e-01 1.953582778179705631e-02
9.973206140284041066e-01 2.679385971595945031e-03
9.835537248739534277e-01 1.644627512604663819e-02
9.862748182995877411e-01 1.372518170041215485e-02
8.406027851904065429e-01 1.593972148095933183e-01
3.226302202905229066e-01 6.773697797094770934e-01
9.972059040997114376e-01 2.794095900288485600e-03
9.973988344175778176e-01 2.601165582422286515e-03
9.709754979328610869e-01 2.902450206713894088e-02
9.853061306364279126e-01 1.469386936357203362e-02
9.974502516038560307e-01 2.549748396143847878e-03
8.868848898659398294e-02 9.113115110134061281e-01
9.975356766718599388e-01 2.464323328140055093e-03
9.722113677187095293e-01 2.778863228129051580e-02
9.973556842166424463e-01 2.644315783357456106e-03
8.552094590116451900e-03 9.914479054098835897e-01
2.625636404272455992e-03 9.973743635957275089e-01
8.678090910052070894e-01 1.321909089947928273e-01
7.519215270004260265e-01 2.480784729995739180e-01
5.544094331859731328e-01 4.455905668140268672e-01
9.973792805781664939e-01 2.620719421833536938e-03
7.193568081634416078e-01 2.806431918365583367e-01
9.142035983918317399e-01 8.579640160816827399e-02
6.918604162223007670e-01 3.081395837776991220e-01
9.919128984844205466e-01 8.087101515579394467e-03
7.063618343194996152e-01 2.936381656805003848e-01
9.974817011391966526e-01 2.518298860803332238e-03
6.594168731283702733e-01 3.405831268716297822e-01
6.063181467375220457e-01 3.936818532624779543e-01
7.591745615388471036e-01 2.408254384611529519e-01
3.318161937692801471e-03 9.966818380623071461e-01
1.568132855647899615e-01 8.431867144352100940e-01
9.973590948942174794e-01 2.640905105782548334e-03
4.084540519771177047e-01 5.915459480228821842e-01
1.431079571097080005e-01 8.568920428902919717e-01
3.489234957416725239e-03 9.965107650425831798e-01
9.972241088662321395e-01 2.775891133767840070e-03
6.844815826410386439e-01 3.155184173589614116e-01
8.221399216196006998e-01 1.778600783803993002e-01
9.974605712835307170e-01 2.539428716469367166e-03
7.616692949118329947e-01 2.383307050881669775e-01
6.375502993862136591e-02 9.362449700613786341e-01
9.899090995802564130e-01 1.009090041974362861e-02
2.928564407491740258e-03 9.970714355925083261e-01
9.973054831642906848e-01 2.694516835709318252e-03
7.231561741886122219e-01 2.768438258113878891e-01
8.780862471609454101e-01 1.219137528390545205e-01
9.973078508812672771e-01 2.692149118732586714e-03
8.663029891134546023e-01 1.336970108865454254e-01
9.187570857459627094e-01 8.124291425403733224e-02
6.199018644774633158e-01 3.800981355225365732e-01
9.973690908179637660e-01 2.630909182036201503e-03
9.212707698642985665e-01 7.872923013570151674e-02
8.536814258435948544e-01 1.463185741564050624e-01
8.327852470397696383e-01 1.672147529602303340e-01
8.290029661454290100e-01 1.709970338545709623e-01
7.394490458830259572e-01 2.605509541169740428e-01
9.884089054717515310e-01 1.159109452824844469e-02
9.973238635624667170e-01 2.676136437533215354e-03
9.973854530679480135e-01 2.614546932051930138e-03
9.974829171159248498e-01 2.517082884075105571e-03
6.958583897297476728e-01 3.041416102702522162e-01
9.970465613783888736e-01 2.953438621611066944e-03
9.907507490933178396e-01 9.249250906682214210e-03
7.780136661871785986e-01 2.219863338128213459e-01
9.969943388801616457e-01 3.005661119838289215e-03
1.270871298298731356e-01 8.729128701701268644e-01
9.420390963463706191e-01 5.796090365362933233e-02
9.866139411628453981e-01 1.338605883715464351e-02
6.486453900579913778e-01 3.513546099420086777e-01
9.975895550773171694e-01 2.410444922682706149e-03
1.645592986449465334e-01 8.354407013550534389e-01
9.975772488529601745e-01 2.422751147039815551e-03
8.661694125485122076e-01 1.338305874514879035e-01
1.445177457188561061e-02 9.855482254281143772e-01
3.311987219733120765e-03 9.966880127802669742e-01
6.308658119891515925e-01 3.691341880108483520e-01
9.863985746645922426e-01 1.360142533540782163e-02
9.852329749265762437e-01 1.476702507342385513e-02
7.377812075367313760e-01 2.622187924632686240e-01
3.806548577686085788e-01 6.193451422313914767e-01
1.340850331209899812e-02 9.865914966879009151e-01
9.903609420307643019e-01 9.639057969235816092e-03
9.081531798074926609e-02 9.091846820192506229e-01
9.973205079105447179e-01 2.679492089455232182e-03
9.970798174849576645e-01 2.920182515042331600e-03
5.391583079191186734e-01 4.608416920808813821e-01
8.889386021896446000e-01 1.110613978103552890e-01
9.898042179138669683e-01 1.019578208613301958e-02
7.157521860382688450e-01 2.842478139617312660e-01
9.497697600886897407e-01 5.023023991131016219e-02
9.907564631542078448e-01 9.243536845792146503e-03
6.463040305689021769e-01 3.536959694310978231e-01
7.011063314592945739e-01 2.988936685407054261e-01
8.979693296854674989e-01 1.020306703145324456e-01
4.877132362330707793e-01 5.122867637669291652e-01
9.008531073970450498e-01 9.914689260295489470e-02
9.974342313502403412e-01 2.565768649759685247e-03
9.973430114990063933e-01 2.656988500993704740e-03
9.785113448592857033e-01 2.148865514071430019e-02
9.829569455321465199e-01 1.704305446785349051e-02
2.572170842517612025e-03 9.974278291574822930e-01
7.210184361271121389e-01 2.789815638728878056e-01
9.974693703582088178e-01 2.530629641791137113e-03
9.817202729166317754e-01 1.827972708336827318e-02
9.975750591152372504e-01 2.424940884762662868e-03
8.878951308937772513e-01 1.121048691062227209e-01
7.680162883465351253e-01 2.319837116534649302e-01
9.973853128514017508e-01 2.614687148598190264e-03
9.767839820780985782e-01 2.321601792190131769e-02
9.998849753913749416e-02 9.000115024608624781e-01
6.146001695175760116e-01 3.853998304824239329e-01
8.558338052396506912e-01 1.441661947603492255e-01
5.582009730489453370e-01 4.417990269510547185e-01
4.095115167334857642e-03 9.959048848326650383e-01
7.628415181776815324e-01 2.371584818223185787e-01
2.028448112131500947e-01 7.971551887868498776e-01
9.969656771726412847e-01 3.034322827358679284e-03
9.877866250930240621e-01 1.221337490697603327e-02
9.973110540452697625e-01 2.688945954730262607e-03
9.581677389767607744e-01 4.183226102323926027e-02
9.460010782414114416e-01 5.399892175858861387e-02
6.684959436592490256e-01 3.315040563407510299e-01
2.385080801568389714e-03 9.976149191984315934e-01
9.704039280091998343e-01 2.959607199080022816e-02
1.077346431686236339e-01 8.922653568313764216e-01
9.968449728465659243e-01 3.155027153434048805e-03
9.968151077400354554e-01 3.184892259964621376e-03
2.567083740389289759e-03 9.974329162596107246e-01
9.426998121161875854e-01 5.730018788381232436e-02
6.825089339609400341e-01 3.174910660390599104e-01
6.443494339757478429e-01 3.556505660242522682e-01
5.989443109596109815e-01 4.010556890403889074e-01
2.918638583022049593e-01 7.081361416977949297e-01
9.972299735922540709e-01 2.770026407745887053e-03
3.029450517621143923e-01 6.970549482378856077e-01
2.469681930704701288e-03 9.975303180692952632e-01
8.707622964410514088e-01 1.292377035589486467e-01
9.973890612662752453e-01 2.610938733724772060e-03
9.972910142685703638e-01 2.708985731429653949e-03
9.970966673729880769e-01 2.903332627011844577e-03
1.325340205404025307e-01 8.674659794595974693e-01
6.041432950642987576e-01 3.958567049357012979e-01
9.971429998633375424e-01 2.857000136662423296e-03
7.633285877611829529e-01 2.366714122388169639e-01
8.895175668051704676e-01 1.104824331948295740e-01
9.934603094599046003e-01 6.539690540095364178e-03
9.972931242770796123e-01 2.706875722920350398e-03
6.985087183414736556e-01 3.014912816585263444e-01
9.973410500486005192e-01 2.658949951399567930e-03
9.880692346955988192e-01 1.193076530440125363e-02
1.607391404931300671e-02 9.839260859506869794e-01
8.680609350046596395e-01 1.319390649953403605e-01
9.972348228284552141e-01 2.765177171544800673e-03
9.973089804182337925e-01 2.691019581766172786e-03
9.810643403461100087e-01 1.893565965388995312e-02
9.949648745311799880e-01 5.035125468819868014e-03
9.955277385146079627e-01 4.472261485392074569e-03
9.902413532260909701e-01 9.758646773909125313e-03
8.627790438322112676e-01 1.372209561677887046e-01
9.856541067463231443e-01 1.434589325367692861e-02
1.970535538895908934e-01 8.029464461104092177e-01
1.090154932467254506e-01 8.909845067532745633e-01
2.007089037610991777e-01 7.992910962389008223e-01
4.659053701593240393e-01 5.340946298406759052e-01
3.773253458880139188e-01 6.226746541119859701e-01
9.877774303487780738e-01 1.222256965122179781e-02
9.976027848552952992e-01 2.397215144704657828e-03
9.976789599489684912e-01 2.321040051031468456e-03
5.206493686493444129e-01 4.793506313506555871e-01
9.975248504038719544e-01 2.475149596127974080e-03
3.689822975242236791e-01 6.310177024757763764e-01
9.973653012226874059e-01 2.634698777312592752e-03
4.770438559258836086e-01 5.229561440741163914e-01
2.475727871012385964e-03 9.975242721289876435e-01
2.399845639967477240e-01 7.600154360032521650e-01
9.974761213692723283e-01 2.523878630727676917e-03
6.598111509343961290e-01 3.401888490656039266e-01
9.892427293612483519e-01 1.075727063875164813e-02
9.659200053954229981e-01 3.407999460457686314e-02
9.894417764310727836e-01 1.055822356892736381e-02
8.092522515468195676e-01 1.907477484531805156e-01
9.974518638869934728e-01 2.548136113006518096e-03
9.936106751490083600e-01 6.389324850991707702e-03
9.925130795248652271e-01 7.486920475134703490e-03
9.973215734938228882e-01 2.678426506177175072e-03
7.367748072529667347e-02 9.263225192747033265e-01
9.622174865428076984e-01 3.778251345719237098e-02
2.325367318713137538e-03 9.976746326812867549e-01
9.974959716689192346e-01 2.504028331080779702e-03
9.974179774377981422e-01 2.582022562201789686e-03
9.970035112349245887e-01 2.996488765075374858e-03
7.731447336281451754e-01 2.268552663718547968e-01
8.373287706881722414e-01 1.626712293118277586e-01
7.344943739698053253e-01 2.655056260301946747e-01
5.162445943295463913e-01 4.837554056704536642e-01
9.974562187032115501e-01 2.543781296788380931e-03
9.971362839033772740e-01 2.863716096622788421e-03
6.066001759912125202e-01 3.933998240087875908e-01
9.972409463830835818e-01 2.759053616916422487e-03
7.529450732342390928e-01 2.470549267657609072e-01
9.876430180951504267e-01 1.235698190484954377e-02
1.158014701017545146e-02 9.884198529898245988e-01
9.970139969993713214e-01 2.986003000628593626e-03
9.888739552461592863e-01 1.112604475384067031e-02
8.481839097879262379e-01 1.518160902120738176e-01
9.974112178158641706e-01 2.588782184135722704e-03
9.847131771019562718e-01 1.528682289804375767e-02
6.201783657416246598e-01 3.798216342583753402e-01
9.974275292193918174e-01 2.572470780608224639e-03
9.974346732646345304e-01 2.565326735365401536e-03
2.547216167859113912e-03 9.974527838321409767e-01
9.975633119667564053e-01 2.436688033243550495e-03
2.497243359489691172e-03 9.975027566405103574e-01
2.734317904604488536e-01 7.265682095395511464e-01
7.492998396894180735e-02 9.250700160310582065e-01
3.557745678933511013e-01 6.442254321066488432e-01
1.206322987965739446e-01 8.793677012034261109e-01
7.203969579080020669e-01 2.796030420919979886e-01
7.945089111502069423e-01 2.054910888497929466e-01
3.527154127447034715e-01 6.472845872552965840e-01
8.415477278153501439e-01 1.584522721846497451e-01
4.240377146008180408e-03 9.957596228539918881e-01
9.972733143779604070e-01 2.726685622039612053e-03
9.431114411301974032e-01 5.688855886980258986e-02
6.679671169108158946e-01 3.320328830891841054e-01
9.927708500065837161e-01 7.229149993416368082e-03
8.200374272913900642e-01 1.799625727086098526e-01
6.322781216801062198e-01 3.677218783198938912e-01
8.176667478709486181e-01 1.823332521290513819e-01
9.974560351999437469e-01 2.543964800056307349e-03
9.959227189817319026e-01 4.077281018268115627e-03
3.168538534075384869e-03 9.968314614659244954e-01
1.877655629157898853e-01 8.122344370842101702e-01
7.464692019676836265e-01 2.535307980323163735e-01
4.349571737952847433e-02 9.565042826204714910e-01
8.955715817378998578e-01 1.044284182621001145e-01
9.965527252456136686e-01 3.447274754386274540e-03
8.885517930271519260e-01 1.114482069728481711e-01
6.985964010962446569e-01 3.014035989037552321e-01
9.974026305807413006e-01 2.597369419258576621e-03
9.973142864429072052e-01 2.685713557092885007e-03
1.697167924372034245e-02 9.830283207562795500e-01
6.739727109287699802e-01 3.260272890712299643e-01
6.978435513029429549e-01 3.021564486970570451e-01
9.880530749064793117e-01 1.194692509352076118e-02
9.844564533316653154e-01 1.554354666833477477e-02
9.947437855600528289e-01 5.256214439947250010e-03
8.337948516273587796e-01 1.662051483726411927e-01
9.961853613146253172e-01 3.814638685374589083e-03
8.212479576168160156e-01 1.787520423831839844e-01
9.887411175959692766e-01 1.125888240403067307e-02
1.103166088637874166e-02 9.889683391136212531e-01
9.829238874499398593e-01 1.707611255006008522e-02
