4.927322801908829430e-01 5.072677198091171125e-01
4.927693721833505958e-01 5.072306278166494042e-01
4.870832023277519296e-01 5.129167976722479594e-01
3.249054669040650056e-03 9.967509453309593148e-01
4.871471651196365715e-01 5.128528348803634840e-01
3.166331652409838920e-03 9.968336683475902404e-01
9.969613333998051941e-01 3.038666600194786429e-03
4.909962204442208100e-01 5.090037795557791345e-01
6.100221231290199331e-01 3.899778768709800669e-01
4.820703303327946165e-01 5.179296696672053280e-01
4.920224626374850585e-01 5.079775373625149415e-01
3.278884349342932047e-01 6.721115650657067953e-01
4.948849993795728652e-01 5.051150006204271348e-01
3.066776557504781280e-03 9.969332234424953532e-01
1.001673981765099225e-02 9.899832601823490563e-01
4.225876165949816743e-01 5.774123834050182147e-01
4.886952160810888457e-01 5.113047839189112098e-01
4.810494782568586203e-01 5.189505217431413797e-01
4.939104729669979155e-01 5.060895270330021400e-01
8.119008010889270377e-01 1.880991989110729901e-01
4.901087355584107241e-01 5.098912644415892759e-01
3.108337530825048059e-03 9.968916624691749329e-01
9.969122290254471830e-01 3.087770974552822220e-03
4.935840798648348238e-01 5.064159201351651207e-01
4.866325780069423179e-01 5.133674219930576266e-01
6.966862441192058775e-01 3.033137558807940670e-01
3.126932996662462431e-03 9.968730670033374430e-01
4.846040612347901066e-01 5.153959387652099489e-01
5.413890786989813408e-01 4.586109213010187147e-01
5.196753891617605925e-01 4.803246108382394075e-01
4.864184092625106759e-01 5.135815907374893241e-01
3.310659204048827520e-01 6.689340795951173035e-01
1.622226103277123466e-01 8.377773896722876534e-01
5.005242587856179037e-01 4.994757412143821518e-01
9.956705403072512173e-01 4.329459692748732422e-03
3.142480222340902213e-03 9.968575197776592400e-01
4.892306327181979442e-01 5.107693672818021113e-01
5.092375431214744008e-01 4.907624568785255437e-01
9.969937471040632992e-01 3.006252895936578021e-03
3.146487552999122084e-01 6.853512447000877916e-01
7.745744823533572652e-03 9.922542551764664820e-01
4.912229628340083476e-01 5.087770371659916524e-01
5.030929452008825464e-01 4.969070547991173981e-01
4.909942789448257794e-01 5.090057210551741651e-01
8.333643478251319126e-01 1.666356521748681152e-01
4.912066299853900531e-01 5.087933700146098914e-01
4.961896068553076078e-01 5.038103931446923367e-01
6.966470464921126204e-01 3.033529535078873240e-01
4.845673766075730415e-01 5.154326233924270140e-01
3.139244479856923096e-03 9.968607555201429715e-01
4.873162193770691486e-01 5.126837806229308514e-01
4.985023212242484236e-01 5.014976787757515764e-01
9.968135250538925352e-01 3.186474946107309587e-03
8.719376382241746937e-01 1.280623617758253896e-01
4.970991568268871563e-01 5.029008431731128992e-01
4.903412558274378719e-01 5.096587441725620726e-01
4.840480670935493612e-01 5.159519329064506943e-01
9.953885084586422405e-01 4.611491541357677117e-03
7.431006560734182420e-01 2.568993439265817025e-01
5.456070027426084268e-01 4.543929972573915732e-01
4.869463732849649285e-01 5.130536267150350715e-01
8.036959683416970979e-01 1.963040316583028744e-01
4.949537342229868853e-01 5.050462657770130592e-01
6.891360863350226400e-03 9.931086391366498178e-01
4.999790164701820583e-01 5.000209835298179417e-01
3.244512790347719305e-03 9.967554872096522356e-01
1.216112031427424162e-01 8.783887968572574589e-01
5.293462898007083028e-01 4.706537101992916972e-01
3.119617998030532659e-03 9.968803820019694895e-01
3.134752078018442599e-03 9.968652479219815010e-01
4.849000837549217180e-01 5.150999162450782265e-01
4.876903855208712946e-01 5.123096144791287054e-01
1.232163621315115615e-01 8.767836378684883414e-01
4.938535900248966493e-01 5.061464099751034063e-01
4.876367362400779171e-01 5.123632637599221384e-01
4.877746117946841209e-01 5.122253882053159346e-01
4.920299452554470765e-01 5.079700547445529235e-01
5.053555933300812875e-01 4.946444066699186570e-01
8.864205644961371533e-01 1.135794355038627357e-01
4.758130325128691607e-01 5.241869674871307838e-01
4.998421709286873238e-01 5.001578290713126762e-01
4.929903731117912247e-01 5.070096268882087198e-01
4.806796644239896832e-01 5.193203355760103168e-01
5.966581128875506623e-01 4.033418871124493932e-01
4.849746295298404397e-01 5.150253704701595048e-01
2.767960800796317455e-01 7.232039199203682545e-01
4.876863077601987784e-01 5.123136922398011661e-01
6.360279382033082740e-01 3.639720617966917260e-01
3.198961588305801809e-03 9.968010384116940958e-01
4.917407147287923830e-01 5.082592852712076725e-01
2.999208213421979963e-01 7.000791786578020037e-01
8.282446278158548392e-01 1.717553721841452719e-01
9.969196023383907201e-01 3.080397661609272052e-03
5.732003091484413337e-01 4.267996908515586663e-01
7.793575853641656614e-01 2.206424146358343663e-01
2.280974325970398509e-01 7.719025674029601491e-01
4.940840515205902062e-01 5.059159484794097938e-01
2.533413784975306893e-01 7.466586215024693107e-01
4.911236650305820239e-01 5.088763349694180871e-01
4.920475685971825164e-01 5.079524314028175391e-01
5.809384014430210019e-01 4.190615985569789981e-01
1.305246897431630582e-01 8.694753102568368863e-01
4.960239682205917489e-01 5.039760317794083067e-01
6.962403376959475088e-01 3.037596623040526023e-01
4.972432079156446361e-01 5.027567920843554194e-01
4.880250717386505066e-01 5.119749282613494934e-01
5.098407470654749973e-01 4.901592529345250582e-01
1.522522484797056430e-01 8.477477515202942460e-01
4.828229596222972098e-01 5.171770403777027347e-01
5.033352216212682029e-01 4.966647783787317416e-01
9.925381399020616335e-01 7.461860097938507845e-03
3.067547216758451795e-03 9.969324527832416072e-01
4.808349411469957091e-01 5.191650588530042354e-01
6.620728796831443219e-01 3.379271203168556226e-01
4.904307937709141418e-01 5.095692062290858582e-01
4.911663518667319650e-01 5.088336481332680350e-01
6.947060391763382192e-01 3.052939608236617808e-01
4.878438873287029298e-01 5.121561126712970147e-01
9.968993654208508914e-01 3.100634579149115500e-03
4.880557903406634868e-01 5.119442096593365132e-01
9.958992985885156690e-01 4.100701411484245981e-03
8.719427457951669513e-01 1.280572542048329931e-01
4.794237201880394705e-01 5.205762798119605295e-01
4.876743130104071455e-01 5.123256869895929100e-01
4.816061282216493322e-01 5.183938717783507233e-01
6.822617832404868077e-01 3.177382167595131923e-01
5.302236923132959134e-01 4.697763076867041976e-01
4.882672967862348168e-01 5.117327032137650722e-01
4.698448841534791365e-01 5.301551158465208635e-01
3.129089293076203326e-03 9.968709107069239073e-01
4.890055893772318196e-01 5.109944106227681804e-01
4.693489429522530454e-01 5.306510570477469546e-01
4.940418716640508912e-01 5.059581283359491088e-01
7.904757175858216911e-01 2.095242824141782534e-01
4.937528049522099116e-01 5.062471950477900329e-01
4.845065639542236458e-01 5.154934360457763542e-01
7.323963855564639136e-01 2.676036144435361419e-01
7.897976528259158524e-01 2.102023471740841754e-01
3.122221318813601064e-03 9.968777786811865438e-01
4.911581737513499024e-01 5.088418262486501531e-01
4.863333497558331442e-01 5.136666502441668003e-01
9.969049898045054814e-01 3.095010195494543766e-03
4.848934618801178931e-01 5.151065381198821624e-01
4.878979675420611617e-01 5.121020324579388383e-01
6.254870649905941438e-01 3.745129350094059673e-01
3.126963958819728873e-03 9.968730360411801605e-01
6.237157369790404804e-01 3.762842630209595196e-01
3.058881477747633394e-03 9.969411185222523120e-01
8.442731163518392146e-01 1.557268836481608687e-01
9.879837864120408764e-01 1.201621358795909589e-02
6.793244933213435921e-01 3.206755066786564634e-01
5.078603744222051075e-01 4.921396255777949480e-01
4.906223499305430447e-01 5.093776500694570109e-01
4.975358103979701241e-01 5.024641896020298759e-01
1.717815764286012570e-01 8.282184235713987430e-01
4.869757064910413269e-01 5.130242935089586176e-01
3.319849928564003183e-01 6.680150071435997372e-01
4.878667875633660445e-01 5.121332124366340111e-01
8.355313430461910329e-01 1.644686569538089116e-01
4.932504130683630916e-01 5.067495869316369639e-01
7.956316682950999031e-01 2.043683317049000692e-01
4.872152988484502179e-01 5.127847011515497266e-01
4.750796504779948859e-01 5.249203495220051696e-01
5.046832010181971917e-01 4.953167989818026973e-01
9.151738799987271245e-01 8.482612000127294494e-02
5.560348921199937955e-01 4.439651078800061490e-01
5.093073371739438304e-01 4.906926628260562251e-01
9.914402018036242437e-01 8.559798196375636645e-03
4.850569750599201813e-01 5.149430249400799298e-01
4.956841867138552793e-01 5.043158132861447207e-01
4.910315581718044942e-01 5.089684418281955613e-01
4.911415956027697649e-01 5.088584043972302906e-01
9.966769495517239230e-01 3.323050448276114715e-03
2.967132974776944820e-01 7.032867025223054069e-01
1.511757223439504638e-01 8.488242776560493974e-01
4.963039765022878025e-01 5.036960234977122530e-01
9.968001481036179445e-01 3.199851896382140039e-03
4.844125228956021045e-01 5.155874771043978955e-01
4.777594902090190887e-01 5.222405097909810223e-01
4.949162990034392529e-01 5.050837009965607471e-01
9.967558905081976839e-01 3.244109491802326523e-03
9.969164832962679190e-01 3.083516703732041946e-03
3.057747462241116893e-03 9.969422525377589217e-01
4.836947036551776380e-01 5.163052963448222510e-01
4.887881657421915826e-01 5.112118342578084729e-01
6.961879610804082574e-01 3.038120389195918536e-01
3.098762643067779279e-03 9.969012373569322571e-01
9.968184397435597699e-01 3.181560256440317709e-03
7.377391575449878669e-01 2.622608424550121886e-01
4.098007577620974562e-01 5.901992422379025438e-01
4.902402066465824104e-01 5.097597933534175896e-01
9.968869388589489677e-01 3.113061141050920810e-03
2.616308749610462558e-01 7.383691250389536886e-01
4.756610658533088620e-01 5.243389341466911935e-01
3.835526958617055948e-01 6.164473041382944052e-01
2.521958758062918804e-01 7.478041241937082306e-01
4.911106459666844115e-01 5.088893540333155885e-01
8.707450521496705731e-01 1.292549478503295102e-01
3.121507939899477724e-01 6.878492060100521721e-01
4.927510366896001304e-01 5.072489633103999251e-01
7.864147264384792058e-01 2.135852735615207665e-01
4.925977731430271067e-01 5.074022268569728933e-01
2.454274633762743296e-01 7.545725366237255871e-01
4.944683269960477023e-01 5.055316730039522977e-01
3.188097550092730895e-03 9.968119024499071390e-01
4.938178967153748489e-01 5.061821032846252066e-01
3.090801506864747448e-03 9.969091984931351957e-01
9.965203497138735989e-01 3.479650286126286223e-03
1.113836470235897297e-01 8.886163529764101732e-01
4.836094283456917609e-01 5.163905716543082391e-01
3.187546858099883987e-03 9.968124531419000345e-01
1.259606120727645995e-01 8.740393879272354560e-01
8.352940014999378215e-01 1.647059985000620952e-01
5.055739787680147979e-01 4.944260212319852021e-01
3.011735951981819089e-03 9.969882640480181024e-01
3.121847241514656875e-03 9.968781527584852364e-01
6.116280813177339404e-01 3.883719186822661151e-01
4.830597876375821720e-01 5.169402123624178280e-01
4.758139287695967168e-01 5.241860712304032832e-01
3.144190294669944093e-03 9.968558097053300537e-01
7.208642715687221258e-01 2.791357284312778186e-01
3.064719816360073762e-03 9.969352801836399713e-01
4.603742313920722307e-01 5.396257686079277693e-01
4.843119164699703494e-01 5.156880835300297061e-01
4.895807550697129917e-01 5.104192449302870083e-01
3.194174236072640314e-03 9.968058257639274000e-01
4.950047013244495697e-01 5.049952986755503748e-01
4.830693935978196407e-01 5.169306064021803593e-01
5.163280761358984838e-01 4.836719238641014051e-01
2.797763422166682501e-01 7.202236577833317499e-01
4.989047550637151218e-01 5.010952449362847672e-01
3.107226128988555772e-03 9.968927738710114950e-01
2.998395615997114915e-03 9.970016043840028708e-01
3.411420806424911734e-03 9.965885791935751303e-01
4.952650139425003872e-01 5.047349860574996683e-01
3.318342010273546069e-03 9.966816579897265216e-01
9.904589272988307824e-01 9.541072701169099612e-03
3.407040118277214914e-03 9.965929598817229174e-01
4.903307429437125387e-01 5.096692570562875169e-01
8.403515315903049565e-01 1.596484684096950157e-01
4.751611873205640602e-01 5.248388126794359954e-01
4.924305831037483761e-01 5.075694168962515684e-01
4.985251714886103636e-01 5.014748285113896920e-01
3.167035262890337873e-03 9.968329647371096947e-01
3.022002962080739819e-01 6.977997037919259071e-01
3.048754798986124098e-03 9.969512452010137471e-01
9.938457372447742078e-01 6.154262755225836483e-03
4.905928584428940753e-01 5.094071415571059802e-01
2.211188571546980064e-01 7.788811428453020769e-01
4.939922025543317941e-01 5.060077974456682615e-01
3.215791811088057357e-03 9.967842081889120021e-01
4.974220987184350129e-01 5.025779012815648761e-01
1.338098767464055983e-01 8.661901232535943462e-01
4.883718752246036243e-01 5.116281247753963202e-01
9.962502166368015777e-01 3.749783363198358997e-03
2.915970832422822845e-01 7.084029167577177155e-01
4.964535612139148180e-01 5.035464387860851820e-01
4.890852869559144112e-01 5.109147130440856444e-01
3.193436224788996029e-03 9.968065637752110408e-01
2.382621673416381036e-01 7.617378326583619241e-01
4.897033484248947688e-01 5.102966515751052867e-01
8.890505248373747893e-01 1.109494751626251136e-01
4.765616759869261143e-01 5.234383240130737747e-01
9.713863512299523162e-01 2.861364877004777055e-02
3.031155595583256979e-03 9.969688444044166875e-01
2.011967425545503341e-01 7.988032574454496659e-01
9.406950675557612315e-03 9.905930493244424762e-01
5.191189087234545640e-01 4.808810912765454360e-01
7.734023482978303887e-01 2.265976517021695558e-01
9.968223890196763470e-01 3.177610980323695468e-03
3.904277967438650743e-01 6.095722032561349257e-01
5.033638200975735222e-01 4.966361799024264778e-01
4.924216368969459023e-01 5.075783631030541532e-01
4.963607223788811251e-01 5.036392776211189304e-01
4.929778660568231996e-01 5.070221339431768559e-01
5.109118282793285726e-01 4.890881717206713719e-01
4.900965393657636948e-01 5.099034606342363052e-01
7.267710638073506813e-01 2.732289361926493743e-01
4.953032176040351175e-01 5.046967823959648269e-01
9.933922768666768599e-01 6.607723133323166118e-03
4.758523523228237462e-01 5.241476476771762538e-01
4.879932170732164676e-01 5.120067829267834769e-01
4.986351152978435453e-01 5.013648847021563437e-01
2.394581399125803589e-01 7.605418600874196411e-01
4.973116273033914569e-01 5.026883726966084875e-01
5.074653950942501490e-01 4.925346049057498510e-01
4.679507612095819558e-01 5.320492387904179887e-01
3.206983482513911694e-03 9.967930165174860857e-01
6.858570295402357520e-01 3.141429704597642480e-01
3.062578790709800415e-03 9.969374212092901866e-01
3.081230973674511150e-03 9.969187690263253687e-01
5.017723095090721452e-01 4.982276904909279103e-01
4.875926284017513823e-01 5.124073715982485622e-01
4.413146929697958978e-03 9.955868530703021468e-01
7.991955982421774518e-01 2.008044017578225759e-01
1.867584914409745334e-01 8.132415085590254389e-01
9.959500713090488899e-01 4.049928690951190742e-03
3.168283297529288136e-03 9.968317167024707270e-01
4.521146327110773799e-01 5.478853672889225646e-01
5.024455965485489228e-01 4.975544034514510217e-01
5.361069002056049193e-01 4.638930997943950252e-01
5.058993619668809005e-01 4.941006380331190995e-01
1.160339153635668863e-01 8.839660846364330027e-01
3.135316480928916020e-03 9.968646835190710931e-01
9.969127496923020360e-01 3.087250307697948868e-03
3.240066874820350384e-01 6.759933125179649060e-01
4.900159896946907345e-01 5.099840103053092655e-01
3.080064744843897043e-03 9.969199352551560978e-01
4.933345902168049801e-01 5.066654097831949644e-01
4.914336379238180008e-01 5.085663620761818882e-01
6.931430881745790362e-01 3.068569118254210193e-01
4.822308041198632989e-01 5.177691958801367011e-01
7.120677686766959669e-01 2.879322313233040886e-01
7.127474172035568913e-03 9.928725258279643695e-01
4.853078100620422664e-01 5.146921899379577336e-01
3.235726517144597077e-03 9.967642734828554563e-01
9.967863078914109831e-01 3.213692108588975683e-03
4.808579413841505557e-01 5.191420586158494999e-01
4.928962307970554679e-01 5.071037692029445321e-01
1.254839015471506947e-01 8.745160984528493886e-01
9.924885465239055016e-01 7.511453476094415160e-03
9.964950359373071498e-01 3.504964062692880137e-03
9.406973495984746192e-01 5.930265040152540856e-02
4.880161045923765428e-01 5.119838954076234572e-01
4.885658987508473272e-01 5.114341012491526728e-01
3.098874063141595844e-03 9.969011259368583122e-01
6.224022754972952098e-01 3.775977245027046791e-01
1.080612766857179941e-01 8.919387233142819227e-01
9.968871180652072450e-01 3.112881934792653942e-03
1.757249147357987096e-01 8.242750852642013459e-01
4.798079235592579428e-01 5.201920764407421682e-01
4.892119437232725909e-01 5.107880562767274091e-01
4.851893162450849895e-01 5.148106837549148995e-01
6.953289142713232618e-01 3.046710857286766827e-01
5.056430603066068841e-01 4.943569396933931159e-01
3.180866436911212580e-03 9.968191335630888217e-01
3.110005549788336272e-03 9.968899944502116472e-01
3.288531265944990775e-03 9.967114687340549173e-01
5.034759621427626897e-01 4.965240378572373103e-01
9.969314972538597663e-01 3.068502746140270524e-03
5.097722638453772159e-01 4.902277361546227841e-01
1.862393943680256680e-01 8.137606056319742764e-01
3.109815284868981417e-03 9.968901847151310225e-01
3.415836233344294870e-01 6.584163766655706240e-01
4.876603711515713480e-01 5.123396288484286520e-01
3.050283433472018250e-03 9.969497165665279770e-01
4.900444920214478417e-01 5.099555079785521583e-01
1.564580161155158800e-01 8.435419838844840923e-01
2.535809129878144885e-01 7.464190870121855115e-01
4.720756731227242486e-01 5.279243268772757514e-01
6.523522843956049977e-01 3.476477156043950578e-01
3.176402959528026090e-03 9.968235970404718538e-01
5.032149805746477522e-01 4.967850194253521923e-01
4.916412445499013795e-01 5.083587554500986760e-01
5.497874807066411851e-01 4.502125192933588149e-01
9.702439864897076660e-01 2.975601351029225766e-02
1.953424797513048095e-01 8.046575202486950795e-01
4.944403175622196223e-01 5.055596824377803777e-01
4.714870289912438395e-01 5.285129710087562716e-01
4.940134329230647103e-01 5.059865670769352342e-01
4.776976459829448962e-01 5.223023540170551593e-01
4.677809006227173771e-01 5.322190993772826229e-01
2.666976398131598036e-01 7.333023601868402519e-01
3.206695967053522188e-03 9.967933040329466365e-01
4.755175171194495065e-01 5.244824828805505490e-01
4.959269423610785932e-01 5.040730576389212958e-01
6.344172584969346440e-01 3.655827415030654670e-01
9.969135365414832917e-01 3.086463458516710071e-03
5.025385308909309234e-01 4.974614691090690766e-01
4.934967249674873102e-01 5.065032750325126898e-01
2.430535935623512056e-01 7.569464064376488777e-01
4.996057836051832068e-01 5.003942163948167376e-01
2.751599895876858382e-01 7.248400104123141618e-01
4.983326620112698002e-01 5.016673379887301998e-01
8.486171078064265183e-01 1.513828921935733707e-01
8.562107805320893217e-01 1.437892194679107338e-01
9.968372265586560310e-01 3.162773441343932988e-03
7.965565815216466561e-01 2.034434184783534272e-01
3.099310729144327033e-03 9.969006892708556222e-01
5.037284868251961090e-01 4.962715131748039465e-01
4.893834711507968338e-01 5.106165288492031662e-01
9.966740845066538457e-01 3.325915493346075832e-03
1.436144968279038925e-01 8.563855031720961630e-01
4.850242648619797481e-01 5.149757351380203074e-01
4.879649126938516157e-01 5.120350873061483288e-01
4.835989375275606128e-01 5.164010624724394427e-01
9.966039564575992493e-01 3.396043542400615806e-03
5.008806424477845187e-01 4.991193575522155368e-01
1.504405997603485146e-01 8.495594002396514854e-01
5.277496169063490283e-01 4.722503830936509717e-01
5.006977247603019432e-01 4.993022752396979458e-01
4.952011630439248635e-01 5.047988369560750810e-01
4.846561042781341033e-01 5.153438957218660077e-01
4.939525230757892404e-01 5.060474769242107040e-01
4.888684960996035334e-01 5.111315039003965222e-01
3.274403854091433377e-03 9.967255961459086100e-01
4.922867519066721487e-01 5.077132480933279624e-01
9.969771954958919213e-01 3.022804504108066951e-03
6.249378861915599187e-02 9.375062113808438902e-01
4.921523567602224536e-01 5.078476432397774909e-01
5.005604511836153625e-01 4.994395488163846375e-01
5.857387106674738497e-01 4.142612893325261503e-01
5.095428474388202789e-01 4.904571525611796656e-01
3.178451444389309745e-03 9.968215485556106703e-01
5.610229196551477227e-01 4.389770803448522773e-01
1.559699665538275271e-01 8.440300334461724452e-01
6.553754386134272858e-01 3.446245613865728252e-01
9.968753231202716059e-01 3.124676879728332992e-03
4.957206801094491411e-01 5.042793198905508589e-01
1.709864933451806790e-01 8.290135066548194320e-01
3.263687810823309166e-01 6.736312189176690834e-01
9.966950289943334873e-01 3.304971005666471496e-03
9.969160378032659864e-01 3.083962196733945095e-03
3.134759976375371595e-03 9.968652400236246436e-01
8.252055011018429864e-01 1.747944988981569303e-01
4.842875239124963538e-01 5.157124760875035907e-01
6.602835431515300391e-01 3.397164568484700164e-01
8.669998209108874532e-01 1.330001790891124636e-01
4.186361034997131969e-01 5.813638965002868586e-01
9.967058219491183868e-01 3.294178050881579802e-03
4.883662875875904863e-01 5.116337124124096247e-01
4.980180925087510646e-01 5.019819074912489354e-01
6.433841077307690393e-01 3.566158922692310163e-01
6.559800018058582483e-01 3.440199981941416962e-01
7.919960640933935148e-01 2.080039359066063742e-01
3.156172591112999318e-03 9.968438274088869955e-01
6.606337750992211655e-01 3.393662249007787790e-01
4.906349110079955000e-01 5.093650889920045000e-01
5.106679843393069351e-01 4.893320156606931204e-01
4.946737027747044602e-01 5.053262972252956509e-01
4.854160535130058185e-01 5.145839464869942370e-01
6.315707805139572084e-01 3.684292194860427916e-01
3.264736393112561887e-03 9.967352636068875782e-01
1.152463380199742621e-01 8.847536619800258073e-01
1.305370444261549356e-01 8.694629555738451199e-01
5.110103779104204769e-01 4.889896220895795786e-01
3.160664274483059206e-03 9.968393357255169729e-01
4.967912388678400459e-01 5.032087611321599541e-01
7.539110889951305960e-01 2.460889110048693207e-01
4.640681627286797895e-01 5.359318372713202105e-01
5.067407973025455092e-01 4.932592026974544352e-01
5.016414935463224811e-01 4.983585064536775189e-01
4.854795689665872827e-01 5.145204310334128284e-01
8.233129744547310613e-01 1.766870255452689109e-01
4.907184028822298427e-01 5.092815971177701018e-01
9.968088589039240111e-01 3.191141096076009331e-03
9.969220401795919617e-01 3.077959820408040018e-03
4.829041332321157287e-01 5.170958667678842158e-01
5.018016917546554989e-01 4.981983082453445566e-01
5.770342277211987225e-01 4.229657722788013330e-01
8.270988521017637041e-01 1.729011478982364070e-01
1.557610731866416187e-01 8.442389268133584368e-01
4.821476678253091563e-01 5.178523321746908437e-01
4.852783166678557025e-01 5.147216833321442975e-01
3.198838986462829680e-03 9.968011610135372180e-01
4.852930693258500350e-01 5.147069306741499650e-01
7.199918566082849081e-01 2.800081433917150919e-01
9.727241121444536454e-01 2.727588785554640322e-02
4.592860707389012087e-01 5.407139292610987358e-01
3.551769158671888027e-01 6.448230841328110863e-01
4.851486884487247742e-01 5.148513115512751703e-01
4.851628181853467336e-01 5.148371818146532108e-01
3.176410543149473919e-03 9.968235894568504563e-01
3.115030502958108290e-03 9.968849694970418618e-01
5.192235684162942455e-01 4.807764315837056990e-01
3.222503399051195126e-03 9.967774966009489424e-01
4.749926058536708684e-01 5.250073941463291316e-01
4.946071181420602092e-01 5.053928818579398463e-01
9.752422284760755566e-01 2.475777152392445724e-02
5.041077714474098137e-01 4.958922285525901863e-01
9.970497431183110715e-01 2.950256881688997045e-03
9.941732463903569794e-01 5.826753609643096042e-03
5.026754965207108627e-01 4.973245034792891373e-01
8.014147012320419483e-01 1.985852987679581072e-01
4.844986755143907975e-01 5.155013244856091470e-01
8.266756429182259280e-01 1.733243570817739609e-01
5.053273297084839299e-01 4.946726702915160145e-01
4.859723021702807566e-01 5.140276978297192434e-01
4.897919340789440024e-01 5.102080659210560531e-01
4.961023467081951965e-01 5.038976532918049145e-01
3.144048981093452121e-03 9.968559510189065609e-01
9.969563157756574645e-01 3.043684224342559780e-03
3.139086714501061314e-03 9.968609132854989729e-01
3.250099515857464601e-03 9.967499004841425814e-01
5.036713404963107932e-01 4.963286595036893178e-01
9.968034976388833179e-01 3.196502361116755359e-03
4.674995912286520339e-01 5.325004087713480772e-01
4.896226777967380706e-01 5.103773222032618184e-01
4.962736925595632731e-01 5.037263074404367824e-01
6.765055597079513428e-01 3.234944402920486572e-01
3.130917123141842562e-01 6.869082876858156883e-01
6.032681487312757662e-01 3.967318512687241783e-01
4.885121084945529546e-01 5.114878915054470454e-01
3.133452062673594725e-03 9.968665479373264304e-01
8.804752478132640281e-01 1.195247521867358748e-01
4.811809462911560420e-01 5.188190537088439580e-01
1.355324665768951053e-01 8.644675334231048947e-01
5.031218902543257432e-01 4.968781097456743123e-01
9.963427247048167734e-01 3.657275295183228317e-03
6.506095161863014731e-01 3.493904838136985824e-01
4.873922070501685022e-01 5.126077929498314978e-01
3.251189853324830317e-03 9.967488101466752681e-01
4.929345441489900170e-01 5.070654558510100385e-01
4.895628163716667092e-01 5.104371836283333463e-01
5.060696429019654330e-01 4.939303570980346225e-01
3.164632011320547052e-03 9.968353679886794438e-01
3.142926195881827998e-03 9.968570738041181434e-01
9.970199326347350954e-01 2.980067365264908036e-03
3.115249307711548572e-03 9.968847506922884349e-01
4.886045171595330139e-01 5.113954828404669861e-01
4.884987740932175693e-01 5.115012259067823752e-01
9.969543359746726452e-01 3.045664025327298428e-03
4.714646624150304333e-01 5.285353375849696222e-01
3.087167591862979236e-03 9.969128324081369952e-01
6.597649798294604739e-01 3.402350201705394150e-01
3.118260994410213763e-03 9.968817390055897398e-01
4.976518707281886722e-01 5.023481292718113833e-01
3.132908568446251228e-03 9.968670914315536091e-01
4.884542756480790282e-01 5.115457243519209163e-01
5.249412700083382344e-01 4.750587299916618211e-01
4.916993866299157467e-01 5.083006133700842533e-01
9.968890629161377692e-01 3.110937083862245090e-03
5.632299650528286294e-01 4.367700349471714816e-01
4.030784371621555229e-01 5.969215628378444771e-01
4.650497078018102359e-02 9.534950292198189903e-01
5.034427722637583313e-01 4.965572277362416687e-01
7.203042869758276012e-01 2.796957130241723988e-01
3.105980044765240498e-03 9.968940199552347448e-01
4.888101951774984633e-01 5.111898048225015367e-01
1.177815403921223525e-01 8.822184596078777030e-01
1.952817742707928239e-01 8.047182257292071483e-01
4.926481872869861722e-01 5.073518127130137723e-01
5.312770396709244336e-01 4.687229603290755109e-01
9.968917548717322052e-01 3.108245128267867179e-03
4.842162613392403947e-01 5.157837386607596608e-01
9.921475783280434557e-01 7.852421671956483565e-03
4.918983546147404629e-01 5.081016453852595927e-01
3.174125262745625901e-03 9.968258747372543693e-01
9.657657965736512473e-01 3.423420342634876656e-02
5.726923713172439312e-01 4.273076286827560688e-01
3.181158896073742019e-03 9.968188411039263785e-01
4.801180707641352075e-01 5.198819292358648481e-01
4.468854523197403061e-01 5.531145476802596939e-01
9.968818832377279726e-01 3.118116762271968840e-03
9.968163710685782331e-01 3.183628931421798175e-03
4.922687156229376138e-01 5.077312843770624973e-01
4.839363912575259108e-01 5.160636087424740337e-01
3.072205056429803127e-01 6.927794943570195763e-01
9.967018096530800841e-01 3.298190346919955326e-03
9.968401872315293399e-01 3.159812768470710367e-03
3.155070475212113420e-03 9.968449295247877595e-01
4.920370320604042225e-01 5.079629679395957220e-01
4.847815617364624186e-01 5.152184382635376370e-01
5.190195249058383586e-01 4.809804750941616969e-01
9.969243141495423011e-01 3.075685850457649494e-03
5.025030983797724726e-01 4.974969016202275274e-01
