5.092015438872552480e-01 4.907984561127448075e-01
5.099124508738898109e-01 4.900875491261101335e-01
5.133845399470894355e-01 4.866154600529106200e-01
9.967368454387345311e-01 3.263154561265364795e-03
5.177624004766361310e-01 4.822375995233638135e-01
9.968184978362266691e-01 3.181502163773212988e-03
3.048536187598067850e-03 9.969514638124018502e-01
5.109169865220137829e-01 4.890830134779862726e-01
3.888107361719930211e-01 6.111892638280068679e-01
5.204747500034377916e-01 4.795252499965623194e-01
5.089130814428164395e-01 4.910869185571834494e-01
6.752694758583717149e-01 3.247305241416282851e-01
5.076967893878278071e-01 4.923032106121720819e-01
9.969181142326490885e-01 3.081885767350904526e-03
9.899475640214856487e-01 1.005243597851441552e-02
5.773701733781060330e-01 4.226298266218939115e-01
5.121291942230404848e-01 4.878708057769594597e-01
5.218354949029643253e-01 4.781645050970356747e-01
5.070399916610519586e-01 4.929600083389480414e-01
1.927795836286974318e-01 8.072204163713025959e-01
5.110956772635939505e-01 4.889043227364060495e-01
9.968758970028951394e-01 3.124102997104781683e-03
3.098419066346180979e-03 9.969015809336536638e-01
5.083177696733434114e-01 4.916822303266566441e-01
5.186234361595045694e-01 4.813765638404954306e-01
3.045195267151027951e-01 6.954804732848972604e-01
9.968584543668022047e-01 3.141545633197769753e-03
5.181241302114274472e-01 4.818758697885724418e-01
4.622067796305057708e-01 5.377932203694942848e-01
4.825893772103458934e-01 5.174106227896541066e-01
5.169201785836637919e-01 4.830798214163361526e-01
6.726484144107182095e-01 3.273515855892817350e-01
8.357168711184796983e-01 1.642831288815203572e-01
5.012269915298862566e-01 4.987730084701136879e-01
4.349461985622801903e-03 9.956505380143771955e-01
9.968442877649297262e-01 3.155712235070217819e-03
5.113702141061272632e-01 4.886297858938727368e-01
4.959047291137763658e-01 5.040952708862236342e-01
3.015883577613317438e-03 9.969841164223867125e-01
6.913082743488118131e-01 3.086917256511882424e-01
9.922301446379804268e-01 7.769855362019516785e-03
5.096671716698895072e-01 4.903328283301104928e-01
4.930424979568110988e-01 5.069575020431889012e-01
5.105273246888997196e-01 4.894726753111003359e-01
1.691615032133432783e-01 8.308384967866566662e-01
5.100019251198933956e-01 4.899980748801066044e-01
5.083207547822106154e-01 4.916792452177894956e-01
3.077101944363788699e-01 6.922898055636211856e-01
5.179738725075235806e-01 4.820261274924764194e-01
9.968455018163845383e-01 3.154498183615525933e-03
5.129804144961607193e-01 4.870195855038392807e-01
5.022289592351363297e-01 4.977710407648636703e-01
3.199367240330664493e-03 9.968006327596693472e-01
1.281346004983122400e-01 8.718653995016877323e-01
5.012683597665568147e-01 4.987316402334431853e-01
5.131335340269217449e-01 4.868664659730783661e-01
5.166641038108341633e-01 4.833358961891659478e-01
4.634931879787161646e-03 9.953650681202128592e-01
2.623316977667477512e-01 7.376683022332523043e-01
4.576033176005693814e-01 5.423966823994305075e-01
5.152436106913762526e-01 4.847563893086236919e-01
2.002967621918663454e-01 7.997032378081335713e-01
5.070812297369849952e-01 4.929187702630150603e-01
9.930977932129336772e-01 6.902206787066343663e-03
5.042986391428563309e-01 4.957013608571437246e-01
9.967393155451355069e-01 3.260684454864559018e-03
8.770075785450365258e-01 1.229924214549633910e-01
4.726732408612677738e-01 5.273267591387322817e-01
9.968655983399468123e-01 3.134401660053264850e-03
9.968500356283331865e-01 3.149964371666803126e-03
5.163323233551930791e-01 4.836676766448070319e-01
5.150236990508731960e-01 4.849763009491268040e-01
8.753063036916624018e-01 1.246936963083376537e-01
5.042987371512976935e-01 4.957012628487024175e-01
5.150410745812761260e-01 4.849589254187238740e-01
5.150965727264457117e-01 4.849034272735542883e-01
5.045428680658521348e-01 4.954571319341479207e-01
4.999807925330908565e-01 5.000192074669090880e-01
1.140743607013831179e-01 8.859256392986167850e-01
5.255992978922471304e-01 4.744007021077529807e-01
5.018846062816889608e-01 4.981153937183109837e-01
5.104623785889537135e-01 4.895376214110462310e-01
5.191677131335860063e-01 4.808322868664138827e-01
4.097315155615353088e-01 5.902684844384645801e-01
5.167803613730058698e-01 4.832196386269941857e-01
7.202124348596683490e-01 2.797875651403317065e-01
5.145717066610293600e-01 4.854282933389706955e-01
3.675615845917598046e-01 6.324384154082401954e-01
9.967861324564859515e-01 3.213867543513992519e-03
5.090788818549301098e-01 4.909211181450698902e-01
7.007062550334479667e-01 2.992937449665521443e-01
1.729074805559742134e-01 8.270925194440258421e-01
3.093916718053188030e-03 9.969060832819468532e-01
4.336211768563991709e-01 5.663788231436008846e-01
2.242018057603231140e-01 7.757981942396768860e-01
7.685565066809619816e-01 2.314434933190380739e-01
5.088706468855830334e-01 4.911293531144169111e-01
7.430588861175372317e-01 2.569411138824628238e-01
5.103538756448379177e-01 4.896461243551620268e-01
5.078706690831090720e-01 4.921293309168909280e-01
4.222805269389602323e-01 5.777194730610396567e-01
8.686798608316852466e-01 1.313201391683148089e-01
5.047298410819200942e-01 4.952701589180798503e-01
3.081409937551276568e-01 6.918590062448722877e-01
5.015223707058049651e-01 4.984776292941950904e-01
5.189088159632548880e-01 4.810911840367450010e-01
4.972293403080365604e-01 5.027706596919635507e-01
8.478143962426927249e-01 1.521856037573073306e-01
5.181193816984324130e-01 4.818806183015674760e-01
4.964857375123277183e-01 5.035142624876722817e-01
7.503404217755212276e-03 9.924965957822448059e-01
9.969196124720758334e-01 3.080387527924148810e-03
5.148994699159527011e-01 4.851005300840474099e-01
3.432508113715407871e-01 6.567491886284591018e-01
5.117905959035927710e-01 4.882094040964072290e-01
5.106370601118337405e-01 4.893629398881663706e-01
3.084414426983048130e-01 6.915585573016951315e-01
5.132311780797241818e-01 4.867688219202757072e-01
3.113503334479599070e-03 9.968864966655204274e-01
5.172985541157988365e-01 4.827014458842012190e-01
4.119278453187108155e-03 9.958807215468129526e-01
1.298271533827476676e-01 8.701728466172523602e-01
5.248434843517183479e-01 4.751565156482815411e-01
5.100335714299937262e-01 4.899664285700063293e-01
5.180528325284453617e-01 4.819471674715545828e-01
3.239660511604727788e-01 6.760339488395272767e-01
4.730727286088478034e-01 5.269272713911521411e-01
5.146843438760573264e-01 4.853156561239426181e-01
5.291373811602686494e-01 4.708626188397313506e-01
9.968577060395328315e-01 3.142293960467148518e-03
5.125176491809096957e-01 4.874823508190903598e-01
5.369318047920937920e-01 4.630681952079062080e-01
5.075073714938348468e-01 4.924926285061650977e-01
2.120022636270674221e-01 7.879977363729324669e-01
5.098185411238330689e-01 4.901814588761668756e-01
5.193569959160838634e-01 4.806430040839161366e-01
2.705049740736559238e-01 7.294950259263440762e-01
2.139325515823534141e-01 7.860674484176465304e-01
9.968641462059496527e-01 3.135853794050370239e-03
5.104481996387884024e-01 4.895518003612116531e-01
5.115499343810138155e-01 4.884500656189862955e-01
3.107374715396691092e-03 9.968926252846032066e-01
5.169314039241180714e-01 4.830685960758819286e-01
5.125183879641362905e-01 4.874816120358637095e-01
3.780686162211838730e-01 6.219313837788160715e-01
9.968579664178689459e-01 3.142033582131179871e-03
3.804729476255013787e-01 6.195270523744985658e-01
9.969266269628952459e-01 3.073373037104847744e-03
1.583724915982855086e-01 8.416275084017145192e-01
1.209358121692328050e-02 9.879064187830766119e-01
3.241901180299240348e-01 6.758098819700759652e-01
4.961958040961842453e-01 5.038041959038157547e-01
5.117494958004211725e-01 4.882505041995788275e-01
5.035683846756817683e-01 4.964316153243182872e-01
8.271059246204242044e-01 1.728940753795757679e-01
5.148522899176155576e-01 4.851477100823844424e-01
6.636150519223055211e-01 3.363849480776945344e-01
5.133169339534080500e-01 4.866830660465920055e-01
1.646698247598646359e-01 8.353301752401354197e-01
5.054451855601033161e-01 4.945548144398966839e-01
2.065903092098547167e-01 7.934096907901452278e-01
5.143427976826493442e-01 4.856572023173506558e-01
5.327915629128612274e-01 4.672084370871388281e-01
5.025056782075774109e-01 4.974943217924225891e-01
8.490696639149676594e-02 9.150930336085032479e-01
4.470048037051021494e-01 5.529951962948977950e-01
4.907498219330466149e-01 5.092501780669533851e-01
8.616033453520797677e-03 9.913839665464792006e-01
5.157769639610683132e-01 4.842230360389317423e-01
5.049771702526938411e-01 4.950228297473062145e-01
5.098268570009727441e-01 4.901731429990272004e-01
5.108843022307791859e-01 4.891156977692207586e-01
3.334059686890445458e-03 9.966659403131096218e-01
7.052367297403488999e-01 2.947632702596511556e-01
8.470678936552448191e-01 1.529321063447553197e-01
5.045387569243876547e-01 4.954612430756122898e-01
3.210617780703280480e-03 9.967893822192966935e-01
5.246950422946725645e-01 4.753049577053273245e-01
5.266617402584570229e-01 4.733382597415430326e-01
5.065679613270396286e-01 4.934320386729602603e-01
3.259241659655584458e-03 9.967407583403443683e-01
3.095393161592229717e-03 9.969046068384076476e-01
9.969264741489103354e-01 3.073525851089578716e-03
5.187734300493272999e-01 4.812265699506726446e-01
5.132926567745450530e-01 4.867073432254550025e-01
3.087680885344406545e-01 6.912319114655594010e-01
9.968846702758007439e-01 3.115329724199252664e-03
3.193729667025372188e-03 9.968062703329745311e-01
2.660829810399303330e-01 7.339170189600697780e-01
5.863034179477227825e-01 4.136965820522772175e-01
5.109608776776514150e-01 4.890391223223485295e-01
3.126339083118979262e-03 9.968736609168811214e-01
7.340548776381969898e-01 2.659451223618030657e-01
5.353498056627482571e-01 4.646501943372516874e-01
6.206942026515693822e-01 3.793057973484306178e-01
7.458381086694657602e-01 2.541618913305342398e-01
5.108111299148373474e-01 4.891888700851627081e-01
1.314153577527547301e-01 8.685846422472452977e-01
6.847937330431332903e-01 3.152062669568667097e-01
5.040710366847835910e-01 4.959289633152164645e-01
2.161427143675492268e-01 7.838572856324507176e-01
5.104339260797928768e-01 4.895660739202071787e-01
7.304405270573515185e-01 2.695594729426484260e-01
5.051028125164532812e-01 4.948971874835466633e-01
9.967977891244744759e-01 3.202210875525587832e-03
5.076798560133042315e-01 4.923201439866958240e-01
9.968936299958729430e-01 3.106370004127094724e-03
3.494418446268116214e-03 9.965055815537319228e-01
8.881157215670445471e-01 1.118842784329554252e-01
5.179044674554764693e-01 4.820955325445234751e-01
9.967980788342836185e-01 3.201921165716453948e-03
8.752309592794691451e-01 1.247690407205308966e-01
1.679675046638649250e-01 8.320324953361351028e-01
4.951376624961683071e-01 5.048623375038316929e-01
9.969732361815039079e-01 3.026763818495998432e-03
9.968622855256343840e-01 3.137714474365676295e-03
3.919870073259599241e-01 6.080129926740400759e-01
5.140739203601323304e-01 4.859260796398676696e-01
5.279997710737998062e-01 4.720002289262002493e-01
9.968409457017167741e-01 3.159054298283238936e-03
2.837659980203646737e-01 7.162340019796352708e-01
9.969198005693001852e-01 3.080199430699758888e-03
5.417404984875354712e-01 4.582595015124644733e-01
5.189714650696675147e-01 4.810285349303325408e-01
5.113856222078949632e-01 4.886143777921050924e-01
9.967902372147412482e-01 3.209762785258756575e-03
5.028500024102673382e-01 4.971499975897326618e-01
5.211626816848536903e-01 4.788373183151462542e-01
4.902783818673583371e-01 5.097216181326417184e-01
7.177298596053096613e-01 2.822701403946903942e-01
5.027293394148291128e-01 4.972706605851708872e-01
9.968793345442967802e-01 3.120665455703174745e-03
9.969853576532244910e-01 3.014642346775452206e-03
9.965733715668273485e-01 3.426628433172613369e-03
5.041498757177567125e-01 4.958501242822432875e-01
9.966678071945525019e-01 3.332192805447587412e-03
9.598021592732354501e-03 9.904019784072676247e-01
9.965789123086247203e-01 3.421087691375423231e-03
5.113981610215826423e-01 4.886018389784172467e-01
1.619467652746016118e-01 8.380532347253983882e-01
5.212874416368940000e-01 4.787125583631060555e-01
5.090454424360977281e-01 4.909545575639022719e-01
5.064805181951740343e-01 4.935194818048260212e-01
9.968182950701505174e-01 3.181704929849458758e-03
6.947698633159378190e-01 3.052301366840622365e-01
9.969375795562737119e-01 3.062420443726343155e-03
6.186995836528001204e-03 9.938130041634720691e-01
5.116607281054108558e-01 4.883392718945891442e-01
7.750802502499165580e-01 2.249197497500833587e-01
5.096542689782265212e-01 4.903457310217735343e-01
9.967678144061969947e-01 3.232185593802971470e-03
5.035253131988874920e-01 4.964746868011125080e-01
8.635885168829062764e-01 1.364114831170938069e-01
5.131810019790477018e-01 4.868189980209522427e-01
3.766608694037291896e-03 9.962333913059626678e-01
7.056818406421375700e-01 2.943181593578623745e-01
5.015149600444025468e-01 4.984850399555974532e-01
5.124216057328857543e-01 4.875783942671143012e-01
9.967912256192971165e-01 3.208774380702928124e-03
7.609129323499577158e-01 2.390870676500422842e-01
5.120536593099040967e-01 4.879463406900959588e-01
1.125184418507728934e-01 8.874815581492271344e-01
5.251427507950350293e-01 4.748572492049649152e-01
2.887199161143626930e-02 9.711280083885636127e-01
9.969537254597977682e-01 3.046274540202263854e-03
7.970559573479564230e-01 2.029440426520435770e-01
9.905398527426881872e-01 9.460147257311786809e-03
4.831508182967307885e-01 5.168491817032692115e-01
2.276181558454760112e-01 7.723818441545239333e-01
3.189258756120115675e-03 9.968107412438798054e-01
5.922427323473929972e-01 4.077572676526070028e-01
4.983460009263891433e-01 5.016539990736107457e-01
5.078009603793135485e-01 4.921990396206863960e-01
5.046499301310873875e-01 4.953500698689126680e-01
5.084519909339647592e-01 4.915480090660352408e-01
4.912435113059079872e-01 5.087564886940920683e-01
5.112037886907648820e-01 4.887962113092351180e-01
2.789396250292046076e-01 7.210603749707954480e-01
5.063140084879667047e-01 4.936859915120332953e-01
6.646099478240147934e-03 9.933539005217599804e-01
5.249522274346717365e-01 4.750477725653282635e-01
5.142705824527289415e-01 4.857294175472711695e-01
5.032155757482906777e-01 4.967844242517092668e-01
7.570349164163827638e-01 2.429650835836172640e-01
5.036119188297699667e-01 4.963880811702299778e-01
4.930822937278930285e-01 5.069177062721069715e-01
5.264118354062383709e-01 4.735881645937616291e-01
9.967764364209564798e-01 3.223563579043550124e-03
3.157610048872434572e-01 6.842389951127565428e-01
9.969234809899795158e-01 3.076519010020406161e-03
9.969041222148427028e-01 3.095877785157186146e-03
4.994614137724032177e-01 5.005385862275967268e-01
5.139146094005907495e-01 4.860853905994093616e-01
9.955631405965268410e-01 4.436859403473218839e-03
2.035954683404712362e-01 7.964045316595286250e-01
8.124370761203805191e-01 1.875629238796194254e-01
4.068262858918820189e-03 9.959317371410810749e-01
9.968180655536765800e-01 3.181934446323499838e-03
5.477683684385731278e-01 4.522316315614268167e-01
4.923843516566847600e-01 5.076156483433152955e-01
4.726368059884879513e-01 5.273631940115119932e-01
4.984986152838095097e-01 5.015013847161905458e-01
8.807339329159981078e-01 1.192660670840018922e-01
9.968492675231730438e-01 3.150732476826948857e-03
3.097424079103757062e-03 9.969025759208961501e-01
6.723874857570999453e-01 3.276125142429001103e-01
5.112393953169998007e-01 4.887606046830001438e-01
9.969036073297337097e-01 3.096392670266198775e-03
5.084017779396046155e-01 4.915982220603954400e-01
5.092736324742155318e-01 4.907263675257845792e-01
3.088953282402423506e-01 6.911046717597576494e-01
5.203709520552612933e-01 4.796290479447387622e-01
2.894507772974207471e-01 7.105492227025791419e-01
9.928497538891628560e-01 7.150246110837229878e-03
5.154888635870330527e-01 4.845111364129668918e-01
9.967504686933880143e-01 3.249531306612005697e-03
3.225332931785792646e-03 9.967746670682141596e-01
5.129725032574375954e-01 4.870274967425623491e-01
5.074954711387754669e-01 4.925045288612245886e-01
8.738539862999865626e-01 1.261460137000133819e-01
7.570029487284373262e-03 9.924299705127156424e-01
3.519012105536988618e-03 9.964809878944630439e-01
6.062919070125868254e-02 9.393708092987412828e-01
5.127652569680138939e-01 4.872347430319861061e-01
5.132855834438762033e-01 4.867144165561239078e-01
9.968872739446598130e-01 3.112726055340245962e-03
3.819030173948015361e-01 6.180969826051984084e-01
8.913371731550701060e-01 1.086628268449299078e-01
3.125021463128603572e-03 9.968749785368713479e-01
8.216592764603455334e-01 1.783407235396544110e-01
5.225969477966562193e-01 4.774030522033437252e-01
5.110631052826114518e-01 4.889368947173886593e-01
5.169887618712771804e-01 4.830112381287228751e-01
3.087202178793280183e-01 6.912797821206719817e-01
4.985126552072138284e-01 5.014873447927861161e-01
9.968038771680653998e-01 3.196122831934650969e-03
9.968739740865406596e-01 3.126025913459431951e-03
9.966944444866465691e-01 3.305555513353453448e-03
4.936794187333247153e-01 5.063205812666752292e-01
3.082430489976707797e-03 9.969175695100233048e-01
4.921672227825077961e-01 5.078327772174920929e-01
8.148770534566986967e-01 1.851229465433012200e-01
9.968757212252743471e-01 3.124278774725628566e-03
6.560126916345049297e-01 3.439873083654951258e-01
5.128440988719679128e-01 4.871559011280320872e-01
9.969360512340240676e-01 3.063948765975838245e-03
5.112774404099373893e-01 4.887225595900626107e-01
8.432784714310012086e-01 1.567215285689988746e-01
7.431431326794711856e-01 2.568568673205287034e-01
5.337365979939950877e-01 4.662634020060049678e-01
3.500831833516896974e-01 6.499168166483103581e-01
9.968090030278976554e-01 3.190996972102239180e-03
4.966185547943947065e-01 5.033814452056052380e-01
5.133196833832962547e-01 4.866803166167038563e-01
4.533802338284195210e-01 5.466197661715805900e-01
3.005180117540277862e-02 9.699481988245971520e-01
8.030405842767188718e-01 1.969594157232810727e-01
5.096961167460314357e-01 4.903038832539686198e-01
5.323621093075676658e-01 4.676378906924323342e-01
5.062436806926466915e-01 4.937563193073533641e-01
5.180016352645322453e-01 4.819983647354678102e-01
5.336852147758953668e-01 4.663147852241046332e-01
7.373473987055843004e-01 2.626526012944156996e-01
9.967781232341388353e-01 3.221876765861099619e-03
5.289426014155285127e-01 4.710573985844714318e-01
5.052676523574791689e-01 4.947323476425207756e-01
3.723222533659076849e-01 6.276777466340922595e-01
3.098896041792306016e-03 9.969011039582077460e-01
4.991890654717694997e-01 5.008109345282304448e-01
5.083215472014716019e-01 4.916784527985283426e-01
7.550003706945460635e-01 2.449996293054539365e-01
5.017894502983212268e-01 4.982105497016787732e-01
7.220272669631574436e-01 2.779727330368426674e-01
5.034065737309023625e-01 4.965934262690975265e-01
1.542386879030482882e-01 8.457613120969517118e-01
1.436917604764552936e-01 8.563082395235446231e-01
3.174415396671704040e-03 9.968255846033283740e-01
2.052490714071284195e-01 7.947509285928716638e-01
9.968860817311266942e-01 3.113918268873246825e-03
4.983021744391420427e-01 5.016978255608579573e-01
5.133993551623533547e-01 4.866006448376465343e-01
3.339512944069186317e-03 9.966604870559307994e-01
8.553706010289924278e-01 1.446293989710074612e-01
5.191686762912305353e-01 4.808313237087695202e-01
5.145549546923169348e-01 4.854450453076831207e-01
5.206303443517565910e-01 4.793696556482434090e-01
3.411668154560276549e-03 9.965883318454398232e-01
5.005535943435679425e-01 4.994464056564320575e-01
8.487247505505882694e-01 1.512752494494118138e-01
4.818381925020818191e-01 5.181618074979182920e-01
5.039170950631908230e-01 4.960829049368091770e-01
5.087103398527081932e-01 4.912896601472918623e-01
5.167101306656469717e-01 4.832898693343529728e-01
5.059225461339793561e-01 4.940774538660206994e-01
5.131942427812341556e-01 4.868057572187657334e-01
9.967121358339957604e-01 3.287864166004235249e-03
5.082623280209233041e-01 4.917376719790766404e-01
3.036319034761833600e-03 9.969636809652381304e-01
9.340071423177591647e-01 6.599285768224080750e-02
5.083424982254870494e-01 4.916575017745128950e-01
5.048427798693155832e-01 4.951572201306843057e-01
4.214480158792176523e-01 5.785519841207822367e-01
4.937640827394567111e-01 5.062359172605433999e-01
9.968076993180083889e-01 3.192300681991573803e-03
4.403012917432877482e-01 5.596987082567121963e-01
8.430422499634950828e-01 1.569577500365050005e-01
3.491844993482876025e-01 6.508155006517123420e-01
3.136823134099870052e-03 9.968631768659000914e-01
5.038546286645646521e-01 4.961453713354352923e-01
8.271196693504063724e-01 1.728803306495936554e-01
6.746925396864327240e-01 3.253074603135672205e-01
3.317484050361462714e-03 9.966825159496385256e-01
3.095836118284675705e-03 9.969041638817154327e-01
9.968503977142454398e-01 3.149602285754613158e-03
1.774242726343541188e-01 8.225757273656458812e-01
5.192803135703796258e-01 4.807196864296203742e-01
3.453769869932041825e-01 6.546230130067959285e-01
1.337781810203078070e-01 8.662218189796921930e-01
5.772528657982035627e-01 4.227471342017964373e-01
3.306361353689821637e-03 9.966936386463103315e-01
5.124026926776037438e-01 4.875973073223962562e-01
5.040192104135788886e-01 4.959807895864211114e-01
3.614699447309311919e-01 6.385300552690688081e-01
3.467746675863093708e-01 6.532253324136906292e-01
2.104656431538704520e-01 7.895343568461296035e-01
9.968287317958089977e-01 3.171268204191074296e-03
3.411610431851131442e-01 6.588389568148868003e-01
5.128014146311576926e-01 4.871985853688424184e-01
4.934538141593544647e-01 5.065461858406454798e-01
5.073386628634493078e-01 4.926613371365507477e-01
5.161749867844593886e-01 4.838250132155407224e-01
3.713676818489382581e-01 6.286323181510617975e-01
9.967201204031713724e-01 3.279879596828602032e-03
8.840993743785650061e-01 1.159006256214350494e-01
8.689968338843311324e-01 1.310031661156688398e-01
4.909215095039208832e-01 5.090784904960791168e-01
9.968235484166064753e-01 3.176451583393568104e-03
5.021203898913486618e-01 4.978796101086513382e-01
2.511295355667485518e-01 7.488704644332514482e-01
5.371911180233289729e-01 4.628088819766710271e-01
4.892138131455361361e-01 5.107861868544638639e-01
4.936335864715493682e-01 5.063664135284505763e-01
5.178921491699672863e-01 4.821078508300327137e-01
1.790695901236109278e-01 8.209304098763891000e-01
5.144724423630367971e-01 4.855275576369632584e-01
3.203300118075766683e-03 9.967966998819242086e-01
3.087953581623549288e-03 9.969120464183763852e-01
5.206311609373811544e-01 4.793688390626187901e-01
4.962429516173869071e-01 5.037570483826130374e-01
4.283631144833806026e-01 5.716368855166193974e-01
1.769586881726062377e-01 8.230413118273938178e-01
8.435064520632695739e-01 1.564935479367304261e-01
5.204913194802663901e-01 4.795086805197334989e-01
5.182615976817049885e-01 4.817384023182950115e-01
9.967860718030134848e-01 3.213928196986546443e-03
5.171360248207735877e-01 4.828639751792264123e-01
2.845896886878472865e-01 7.154103113121527135e-01
2.762767428099276515e-02 9.723723257190073355e-01
5.420484764560037361e-01 4.579515235439962084e-01
6.423754288874239382e-01 3.576245711125760618e-01
5.155902134637154743e-01 4.844097865362845257e-01
5.152974471658166022e-01 4.847025528341833978e-01
9.968091455061340866e-01 3.190854493865884732e-03
9.968702814216110486e-01 3.129718578388901960e-03
4.829033985403016760e-01 5.170966014596982685e-01
9.967634411049933751e-01 3.236558895006512535e-03
5.193088813085100508e-01 4.806911186914899492e-01
5.116672310756467112e-01 4.883327689243532888e-01
2.514755038535781972e-02 9.748524496146422358e-01
5.016070476035848769e-01 4.983929523964150676e-01
2.960003630766115234e-03 9.970399963692339051e-01
5.873611502629606275e-03 9.941263884973704501e-01
5.010911259577430776e-01 4.989088740422568113e-01
2.028876939738218366e-01 7.971123060261782189e-01
5.128270350152474011e-01 4.871729649847525989e-01
1.703211890620469349e-01 8.296788109379530374e-01
4.994789199359930265e-01 5.005210800640070845e-01
5.170832570961451102e-01 4.829167429038548898e-01
5.119145805789822035e-01 4.880854194210178520e-01
5.054380063389006805e-01 4.945619936610993195e-01
9.968405741213901550e-01 3.159425878609862810e-03
3.057395489617354117e-03 9.969426045103826350e-01
9.968456800663053619e-01 3.154319933694671538e-03
9.967342314925968783e-01 3.265768507403190267e-03
4.922812526478533290e-01 5.077187473521467265e-01
3.210096714437572860e-03 9.967899032855623842e-01
5.351315070340576519e-01 4.648684929659422926e-01
5.120647366072250684e-01 4.879352633927749872e-01
5.016579257469792053e-01 4.983420742530208503e-01
3.255003794929987593e-01 6.744996205070012962e-01
6.848783754197218521e-01 3.151216245802782034e-01
3.996928564892930913e-01 6.003071435107070197e-01
5.129987521001345696e-01 4.870012478998653749e-01
9.968525972904719312e-01 3.147402709528190207e-03
1.199055327345014271e-01 8.800944672654986700e-01
5.200087207617444252e-01 4.799912792382555193e-01
8.644580078501284959e-01 1.355419921498716151e-01
4.929943758454273239e-01 5.070056241545727316e-01
3.672491421011329048e-03 9.963275085789887742e-01
3.534767374556220809e-01 6.465232625443779746e-01
5.177543907487899277e-01 4.822456092512099612e-01
9.967317361788050611e-01 3.268263821195036868e-03
5.075102359855129253e-01 4.924897640144869637e-01
5.152559029990161354e-01 4.847440970009838646e-01
4.998686536616681608e-01 5.001313463383317837e-01
9.968205262705847058e-01 3.179473729415251224e-03
9.968435826574516545e-01 3.156417342548385827e-03
2.992020531521747372e-03 9.970079794684783003e-01
9.968703667298410842e-01 3.129633270158806938e-03
5.138265377430202285e-01 4.861734622569798270e-01
5.115595848039262705e-01 4.884404151960737295e-01
3.057418514024146713e-03 9.969425814859759205e-01
5.298863569037678412e-01 4.701136430962321588e-01
9.968978310472147442e-01 3.102168952785275789e-03
3.458240761449917211e-01 6.541759238550083344e-01
9.968654755668016065e-01 3.134524433198450279e-03
5.019294474369464520e-01 4.980705525630535480e-01
9.968527088533297720e-01 3.147291146670210243e-03
5.208813596002177526e-01 4.791186403997822474e-01
4.772610189847028561e-01 5.227389810152972549e-01
5.111632350789037105e-01 4.888367649210962895e-01
3.121234805119142870e-03 9.968787651948808337e-01
4.410685269204480119e-01 5.589314730795519326e-01
5.970618445409752173e-01 4.029381554590247272e-01
9.534856382235693539e-01 4.651436177643059056e-02
4.986072504678851769e-01 5.013927495321148786e-01
2.842380989499324051e-01 7.157619010500676504e-01
9.968793066879851894e-01 3.120693312014850059e-03
5.095357360645151878e-01 4.904642639354848677e-01
8.821692670827273597e-01 1.178307329172727097e-01
8.035089803858235236e-01 1.964910196141765042e-01
5.119199336958862867e-01 4.880800663041137133e-01
4.713939106588528882e-01 5.286060893411470563e-01
3.122110147919264066e-03 9.968778898520807008e-01
5.192047057942038579e-01 4.807952942057961976e-01
7.920036111641591894e-03 9.920799638883583960e-01
5.096535483153600277e-01 4.903464516846399168e-01
9.968097700516268533e-01 3.190229948373102861e-03
3.446947249610798208e-02 9.655305275038920110e-01
4.340333121164777208e-01 5.659666878835223347e-01
9.968067479861690838e-01 3.193252013830819892e-03
5.206033103140651486e-01 4.793966896859349069e-01
5.538467714837951306e-01 4.461532285162048694e-01
3.132410162841586104e-03 9.968675898371582855e-01
3.195544179646033107e-03 9.968044558203539296e-01
5.079902510303360152e-01 4.920097489696640403e-01
5.193113988223977406e-01 4.806886011776023149e-01
6.958545851223144618e-01 3.041454148776854827e-01
3.310227862990001730e-03 9.966897721370100438e-01
3.173015946443362000e-03 9.968269840535565196e-01
9.968293370878049675e-01 3.170662912194968739e-03
5.094793895193554523e-01 4.905206104806445477e-01
5.102116308179246440e-01 4.897883691820753560e-01
4.845330292713115328e-01 5.154669707286885227e-01
3.088505677119662493e-03 9.969114943228803982e-01
5.022138533580954300e-01 4.977861466419045700e-01
